805
0,48,21,4
543,2.0,0
188,2.8284271247461903,0
769,3.0,0
441,3.1622776601683795,0
1,-2,24,8
489,2.0,0
731,2.0,0
509,2.23606797749979,0
408,2.8284271247461903,0
68,3.605551275463989,0
95,3.0,0
440,3.605551275463989,0
514,2.8284271247461903,0
2,-29,22,4
483,2.23606797749979,0
629,2.23606797749979,0
754,2.23606797749979,0
771,2.23606797749979,0
3,44,40,6
291,2.23606797749979,0
132,2.8284271247461903,0
549,3.0,0
67,3.605551275463989,0
274,4.0,0
704,3.605551275463989,0
4,46,-26,6
282,2.0,0
476,2.0,0
538,2.0,0
24,2.23606797749979,0
444,2.8284271247461903,0
653,2.8284271247461903,0
5,-3,35,5
367,2.0,0
680,2.23606797749979,0
63,3.0,0
285,3.0,0
532,3.605551275463989,0
6,-44,27,7
260,2.0,0
777,2.0,0
187,2.23606797749979,0
268,3.0,0
417,3.1622776601683795,0
570,3.605551275463989,0
660,3.605551275463989,0
7,36,-23,5
491,2.0,0
550,2.23606797749979,0
179,2.8284271247461903,0
499,2.8284271247461903,0
477,3.1622776601683795,0
8,39,-1,4
205,2.8284271247461903,0
513,3.0,0
119,3.1622776601683795,0
608,3.605551275463989,0
9,43,9,5
654,2.0,0
338,2.23606797749979,0
388,2.8284271247461903,0
470,2.8284271247461903,0
510,3.1622776601683795,0
10,25,5,4
745,2.23606797749979,0
686,2.8284271247461903,0
460,3.0,0
658,3.1622776601683795,0
11,37,35,4
760,2.0,0
378,2.23606797749979,0
424,2.23606797749979,0
537,3.0,0
12,12,-4,4
665,2.0,0
161,2.23606797749979,0
283,3.1622776601683795,0
507,3.1622776601683795,0
13,-26,8,5
556,2.0,0
69,2.23606797749979,0
263,2.23606797749979,0
264,2.23606797749979,0
311,3.1622776601683795,0
14,-1,-15,6
145,2.0,0
277,2.0,0
605,2.0,0
623,2.23606797749979,0
456,3.605551275463989,0
587,2.8284271247461903,0
15,-33,-20,4
520,2.0,0
121,2.8284271247461903,0
535,3.0,0
577,3.605551275463989,0
16,-14,35,4
782,2.0,0
646,2.23606797749979,0
329,2.8284271247461903,0
186,3.605551275463989,0
17,-23,41,5
730,2.0,0
740,2.0,0
429,2.23606797749979,0
108,2.8284271247461903,0
271,3.0,0
18,-24,4,5
406,2.0,0
258,2.23606797749979,0
279,2.23606797749979,0
556,2.8284271247461903,0
311,3.1622776601683795,0
19,-36,-44,7
678,2.0,0
322,2.23606797749979,0
363,2.23606797749979,0
633,2.23606797749979,0
211,3.1622776601683795,0
547,3.1622776601683795,0
690,2.8284271247461903,0
20,36,26,4
574,2.0,0
39,2.8284271247461903,0
344,3.0,0
435,3.1622776601683795,0
21,-17,-48,4
32,2.0,0
134,3.0,0
775,4.123105625617661,0
204,4.242640687119285,0
22,-16,22,5
332,2.0,0
672,2.23606797749979,0
721,2.23606797749979,0
503,2.8284271247461903,0
326,3.0,0
23,-18,42,5
596,2.0,0
723,2.0,0
271,2.23606797749979,0
502,2.8284271247461903,0
523,3.0,0
24,48,-25,4
4,2.23606797749979,0
529,2.0,0
476,2.23606797749979,0
653,3.0,0
25,14,-37,5
558,2.0,0
781,2.0,0
409,2.8284271247461903,0
50,3.1622776601683795,0
770,3.605551275463989,0
26,-29,-21,4
774,2.0,0
121,2.23606797749979,0
276,3.605551275463989,0
233,4.0,0
27,1,40,4
112,3.1622776601683795,0
131,3.1622776601683795,0
532,3.1622776601683795,0
694,4.242640687119285,0
28,34,-40,3
594,2.0,0
150,4.0,0
607,4.0,0
29,-7,-42,6
340,2.23606797749979,0
732,2.23606797749979,0
542,3.0,0
313,3.1622776601683795,0
136,3.605551275463989,0
351,3.1622776601683795,0
30,-31,12,4
445,2.0,0
158,2.23606797749979,0
804,2.23606797749979,0
675,3.605551275463989,0
31,-13,3,4
320,2.0,0
786,2.0,0
347,2.23606797749979,0
580,3.605551275463989,0
32,-17,-46,4
21,2.0,0
775,2.23606797749979,0
204,3.1622776601683795,0
134,3.605551275463989,0
33,48,12,5
59,2.0,0
784,2.23606797749979,0
338,3.605551275463989,0
510,4.0,0
214,4.123105625617661,0
34,12,21,4
120,2.23606797749979,0
384,2.23606797749979,0
610,2.23606797749979,0
310,4.0,0
35,-47,23,4
660,2.0,0
125,2.23606797749979,0
417,2.23606797749979,0
324,3.1622776601683795,0
36,11,35,4
494,2.0,0
81,2.23606797749979,0
625,4.0,0
684,4.123105625617661,0
37,-37,-3,5
203,2.23606797749979,0
568,2.23606797749979,0
800,2.23606797749979,0
270,2.8284271247461903,0
89,3.0,0
38,7,47,4
358,2.0,0
663,2.23606797749979,0
790,3.1622776601683795,0
454,4.0,0
39,38,24,4
20,2.8284271247461903,0
574,2.0,0
344,2.23606797749979,0
178,3.0,0
40,-38,-12,6
584,2.0,0
135,2.23606797749979,0
530,2.23606797749979,0
208,2.8284271247461903,0
312,3.1622776601683795,0
724,3.605551275463989,0
41,41,-47,4
402,2.0,0
168,2.23606797749979,0
348,2.8284271247461903,0
627,3.1622776601683795,0
42,-32,44,5
370,2.23606797749979,0
602,2.23606797749979,0
783,2.23606797749979,0
524,2.8284271247461903,0
693,4.123105625617661,0
43,-37,47,4
194,2.23606797749979,0
451,2.23606797749979,0
725,2.23606797749979,0
259,3.1622776601683795,0
44,18,-24,4
107,2.0,0
571,2.0,0
219,3.1622776601683795,0
104,3.605551275463989,0
45,1,-10,4
563,2.0,0
722,2.0,0
333,2.23606797749979,0
85,3.1622776601683795,0
46,-36,-26,4
419,2.23606797749979,0
280,2.8284271247461903,0
612,3.0,0
114,3.1622776601683795,0
47,-48,-27,5
328,2.23606797749979,0
247,2.8284271247461903,0
54,3.0,0
796,3.0,0
583,3.605551275463989,0
48,-12,-22,7
173,2.0,0
461,2.0,0
174,2.8284271247461903,0
265,2.8284271247461903,0
101,3.0,0
315,2.8284271247461903,0
484,3.0,0
49,-40,-21,4
505,2.0,0
404,3.0,0
100,3.1622776601683795,0
425,3.1622776601683795,0
50,17,-38,5
25,3.1622776601683795,0
217,2.23606797749979,0
770,2.23606797749979,0
555,3.1622776601683795,0
636,4.123105625617661,0
51,-8,-8,4
501,2.23606797749979,0
689,2.23606797749979,0
738,2.23606797749979,0
243,4.0,0
52,46,2,4
155,2.0,0
200,2.0,0
634,2.23606797749979,0
156,2.8284271247461903,0
53,-23,35,5
138,2.0,0
707,2.0,0
588,2.23606797749979,0
715,2.23606797749979,0
599,2.8284271247461903,0
54,-48,-30,4
47,3.0,0
247,2.23606797749979,0
365,3.1622776601683795,0
526,3.605551275463989,0
55,41,-15,4
670,2.23606797749979,0
700,2.23606797749979,0
374,3.1622776601683795,0
103,3.605551275463989,0
56,-45,6,4
192,2.0,0
278,2.23606797749979,0
624,2.23606797749979,0
645,2.23606797749979,0
57,-37,-31,6
655,2.0,0
773,2.0,0
396,2.23606797749979,0
612,2.23606797749979,0
353,3.1622776601683795,0
637,3.1622776601683795,0
58,44,23,7
188,2.0,0
391,2.0,0
160,2.23606797749979,0
385,2.23606797749979,0
177,3.1622776601683795,0
330,3.605551275463989,0
441,3.1622776601683795,0
59,46,12,5
33,2.0,0
510,2.0,0
338,2.23606797749979,0
784,2.23606797749979,0
75,3.605551275463989,0
60,25,21,5
127,2.23606797749979,0
414,2.23606797749979,0
481,3.1622776601683795,0
755,3.1622776601683795,0
512,3.605551275463989,0
61,-22,-38,4
706,2.23606797749979,0
255,3.0,0
327,4.0,0
346,6.0,0
62,0,-26,4
472,2.23606797749979,0
478,2.23606797749979,0
685,4.0,0
244,6.082762530298219,0
63,0,35,4
5,3.0,0
532,2.0,0
458,3.1622776601683795,0
669,3.1622776601683795,0
64,11,9,4
387,2.0,0
490,2.0,0
189,2.8284271247461903,0
84,3.1622776601683795,0
65,-48,15,4
764,2.0,0
480,2.23606797749979,0
766,2.23606797749979,0
286,3.0,0
66,-46,11,4
157,2.23606797749979,0
286,2.23606797749979,0
383,2.23606797749979,0
753,2.23606797749979,0
67,41,38,6
3,3.605551275463989,0
549,2.0,0
254,2.8284271247461903,0
424,3.1622776601683795,0
506,3.1622776601683795,0
537,3.1622776601683795,0
68,-4,21,5
95,2.0,0
267,2.0,0
509,2.0,0
1,3.605551275463989,0
437,4.123105625617661,0
69,-24,9,5
13,2.23606797749979,0
311,2.23606797749979,0
727,2.23606797749979,0
263,3.1622776601683795,0
397,3.1622776601683795,0
70,41,32,4
559,2.0,0
91,2.23606797749979,0
802,2.8284271247461903,0
537,3.1622776601683795,0
71,30,11,4
227,2.23606797749979,0
679,2.23606797749979,0
220,3.0,0
343,4.0,0
72,31,46,5
323,2.23606797749979,0
432,2.23606797749979,0
716,2.23606797749979,0
172,3.1622776601683795,0
652,3.605551275463989,0
73,-10,23,4
140,2.0,0
498,3.0,0
572,3.1622776601683795,0
301,3.605551275463989,0
74,-6,-12,5
386,2.0,0
527,2.0,0
689,2.23606797749979,0
668,2.8284271247461903,0
199,3.1622776601683795,0
75,44,15,4
142,2.0,0
510,3.0,0
214,3.1622776601683795,0
59,3.605551275463989,0
76,13,41,5
714,2.0,0
479,2.23606797749979,0
508,2.23606797749979,0
564,2.23606797749979,0
625,2.8284271247461903,0
77,47,25,5
160,2.0,0
245,2.0,0
188,2.23606797749979,0
543,2.23606797749979,0
403,2.8284271247461903,0
78,16,4,6
342,2.0,0
159,2.23606797749979,0
182,2.23606797749979,0
206,2.8284271247461903,0
305,3.0,0
493,2.8284271247461903,0
79,-9,-20,4
101,2.0,0
519,2.23606797749979,0
173,3.0,0
373,3.1622776601683795,0
80,-29,48,4
314,2.0,0
370,2.8284271247461903,0
681,2.8284271247461903,0
463,3.0,0
81,13,36,5
36,2.23606797749979,0
613,2.8284271247461903,0
714,3.0,0
494,3.605551275463989,0
625,3.605551275463989,0
82,-28,5,5
97,2.0,0
264,2.0,0
303,2.23606797749979,0
556,2.23606797749979,0
258,2.8284271247461903,0
83,-16,11,4
319,2.0,0
743,2.0,0
196,2.23606797749979,0
614,3.605551275463989,0
84,14,8,6
64,3.1622776601683795,0
206,2.0,0
339,2.0,0
189,3.1622776601683795,0
387,3.1622776601683795,0
421,3.1622776601683795,0
85,-2,-9,5
45,3.1622776601683795,0
117,2.23606797749979,0
333,2.23606797749979,0
668,2.23606797749979,0
722,3.1622776601683795,0
86,-8,37,5
109,2.0,0
631,2.0,0
788,2.0,0
367,3.605551275463989,0
557,3.605551275463989,0
87,-44,14,4
383,2.0,0
604,2.0,0
766,2.0,0
238,2.23606797749979,0
88,24,-37,4
620,2.0,0
772,2.0,0
195,2.8284271247461903,0
636,3.0,0
89,-40,-3,5
270,2.23606797749979,0
438,2.23606797749979,0
800,2.8284271247461903,0
37,3.0,0
215,3.0,0
90,15,-19,4
149,2.0,0
581,2.0,0
729,2.8284271247461903,0
193,3.1622776601683795,0
91,39,31,6
70,2.23606797749979,0
752,2.0,0
559,2.23606797749979,0
435,2.8284271247461903,0
269,3.0,0
760,2.8284271247461903,0
92,-21,38,4
715,2.0,0
98,2.23606797749979,0
138,2.23606797749979,0
740,2.23606797749979,0
93,-40,-25,4
505,2.0,0
114,2.23606797749979,0
280,2.23606797749979,0
664,2.23606797749979,0
94,45,45,7
449,2.0,0
473,2.0,0
352,2.23606797749979,0
562,2.8284271247461903,0
169,3.605551275463989,0
291,3.0,0
485,3.1622776601683795,0
95,-2,21,5
68,2.0,0
437,2.23606797749979,0
509,2.8284271247461903,0
1,3.0,0
440,3.1622776601683795,0
96,-3,46,4
552,2.0,0
565,2.0,0
694,3.1622776601683795,0
747,3.605551275463989,0
97,-30,5,5
82,2.0,0
495,2.0,0
197,2.23606797749979,0
303,2.23606797749979,0
661,3.1622776601683795,0
98,-19,37,6
92,2.23606797749979,0
300,2.23606797749979,0
715,2.23606797749979,0
186,3.1622776601683795,0
588,3.605551275463989,0
782,3.605551275463989,0
99,-40,-46,4
175,2.0,0
673,2.0,0
363,2.23606797749979,0
211,3.1622776601683795,0
100,-41,-18,4
49,3.1622776601683795,0
425,2.0,0
309,2.8284271247461903,0
724,4.0,0
101,-9,-22,4
79,2.0,0
174,2.23606797749979,0
48,3.0,0
173,3.605551275463989,0
102,-10,10,4
153,2.0,0
413,2.23606797749979,0
546,2.23606797749979,0
628,3.605551275463989,0
103,39,-12,5
55,3.605551275463989,0
670,2.0,0
671,3.1622776601683795,0
700,3.1622776601683795,0
767,5.0,0
104,20,-27,6
44,3.605551275463989,0
219,2.23606797749979,0
531,2.23606797749979,0
571,2.23606797749979,0
431,3.1622776601683795,0
656,3.1622776601683795,0
105,48,5,4
200,2.23606797749979,0
155,3.0,0
106,3.1622776601683795,0
261,3.1622776601683795,0
106,47,8,4
105,3.1622776601683795,0
784,2.0,0
261,2.8284271247461903,0
338,2.8284271247461903,0
107,18,-22,4
44,2.0,0
589,2.8284271247461903,0
149,3.1622776601683795,0
581,3.1622776601683795,0
108,-21,43,4
17,2.8284271247461903,0
757,2.0,0
271,2.23606797749979,0
429,3.0,0
109,-8,35,5
86,2.0,0
557,2.23606797749979,0
631,2.8284271247461903,0
788,2.8284271247461903,0
367,3.0,0
110,-20,3,5
666,2.0,0
406,2.23606797749979,0
709,2.23606797749979,0
735,2.23606797749979,0
279,3.1622776601683795,0
111,-41,-31,5
516,2.0,0
655,2.0,0
497,2.23606797749979,0
762,2.23606797749979,0
224,3.0,0
112,0,43,4
27,3.1622776601683795,0
694,2.0,0
131,2.8284271247461903,0
212,3.1622776601683795,0
113,-38,-41,6
322,2.0,0
335,2.23606797749979,0
678,2.23606797749979,0
778,2.23606797749979,0
175,3.605551275463989,0
354,3.1622776601683795,0
114,-39,-27,6
46,3.1622776601683795,0
93,2.23606797749979,0
664,2.0,0
396,2.23606797749979,0
516,2.8284271247461903,0
280,3.1622776601683795,0
115,-48,48,4
528,2.0,0
787,2.0,0
789,3.605551275463989,0
198,4.0,0
116,12,48,6
696,2.0,0
790,2.0,0
222,2.8284271247461903,0
216,3.1622776601683795,0
304,4.123105625617661,0
663,3.605551275463989,0
117,-1,-7,5
85,2.23606797749979,0
164,2.0,0
635,2.23606797749979,0
722,2.23606797749979,0
152,3.1622776601683795,0
118,46,-42,6
423,2.0,0
749,2.0,0
317,2.23606797749979,0
442,2.23606797749979,0
148,2.8284271247461903,0
592,2.23606797749979,0
119,36,0,4
8,3.1622776601683795,0
372,2.0,0
608,2.23606797749979,0
699,2.8284271247461903,0
120,14,20,4
34,2.23606797749979,0
384,2.0,0
356,3.1622776601683795,0
610,4.242640687119285,0
121,-31,-22,5
15,2.8284271247461903,0
26,2.23606797749979,0
276,2.0,0
535,2.23606797749979,0
774,2.23606797749979,0
122,-36,-38,6
778,2.0,0
496,2.23606797749979,0
667,2.23606797749979,0
185,3.0,0
170,3.605551275463989,0
648,3.1622776601683795,0
123,18,-8,5
539,2.0,0
341,2.23606797749979,0
223,2.8284271247461903,0
369,2.8284271247461903,0
517,2.8284271247461903,0
124,36,11,4
400,2.23606797749979,0
273,2.8284271247461903,0
450,3.0,0
227,4.123105625617661,0
125,-46,21,4
35,2.23606797749979,0
324,2.23606797749979,0
141,3.0,0
147,3.0,0
126,46,-47,4
318,2.23606797749979,0
284,2.8284271247461903,0
168,3.1622776601683795,0
317,3.1622776601683795,0
127,24,23,4
60,2.23606797749979,0
512,2.0,0
414,3.1622776601683795,0
481,3.605551275463989,0
128,-29,17,5
621,2.0,0
221,2.23606797749979,0
540,2.23606797749979,0
640,2.23606797749979,0
483,3.1622776601683795,0
129,-12,-40,4
313,2.23606797749979,0
492,2.23606797749979,0
649,2.23606797749979,0
281,2.8284271247461903,0
130,15,-12,4
163,2.23606797749979,0
382,2.23606797749979,0
517,2.23606797749979,0
711,2.23606797749979,0
131,-2,41,4
27,3.1622776601683795,0
112,2.8284271247461903,0
694,2.0,0
285,3.1622776601683795,0
132,42,42,5
3,2.8284271247461903,0
485,2.0,0
549,2.23606797749979,0
242,3.0,0
291,3.0,0
133,-3,-3,4
154,2.0,0
593,2.23606797749979,0
164,2.8284271247461903,0
152,3.1622776601683795,0
134,-14,-48,4
21,3.0,0
32,3.605551275463989,0
393,2.23606797749979,0
204,3.0,0
135,-37,-14,4
40,2.23606797749979,0
181,2.0,0
530,2.0,0
584,2.23606797749979,0
136,-4,-40,4
469,2.0,0
542,2.0,0
732,2.0,0
29,3.605551275463989,0
137,-2,10,3
411,3.0,0
428,3.1622776601683795,0
153,6.0,0
138,-23,37,5
53,2.0,0
92,2.23606797749979,0
599,2.0,0
740,2.0,0
707,2.8284271247461903,0
139,-42,-37,4
544,2.0,0
750,2.0,0
224,3.1622776601683795,0
576,3.1622776601683795,0
140,-12,23,4
73,2.0,0
672,2.0,0
721,2.8284271247461903,0
572,3.1622776601683795,0
141,-46,18,6
125,3.0,0
231,2.0,0
480,2.0,0
764,2.23606797749979,0
324,2.8284271247461903,0
600,4.0,0
142,44,17,5
75,2.0,0
177,3.1622776601683795,0
214,3.1622776601683795,0
441,3.1622776601683795,0
769,4.123105625617661,0
143,-25,17,6
621,2.0,0
226,2.23606797749979,0
392,2.23606797749979,0
401,2.23606797749979,0
302,3.605551275463989,0
467,2.8284271247461903,0
144,21,7,4
541,2.0,0
349,2.23606797749979,0
745,2.23606797749979,0
658,3.1622776601683795,0
145,1,-15,5
14,2.0,0
277,2.8284271247461903,0
605,2.8284271247461903,0
456,3.0,0
563,3.0,0
146,-40,-9,4
639,2.0,0
312,2.23606797749979,0
741,2.23606797749979,0
368,2.8284271247461903,0
147,-43,21,4
125,3.0,0
447,2.23606797749979,0
231,3.1622776601683795,0
600,3.1622776601683795,0
148,44,-40,4
423,2.0,0
749,2.0,0
118,2.8284271247461903,0
325,3.0,0
149,17,-19,6
90,2.0,0
107,3.1622776601683795,0
482,2.23606797749979,0
581,2.8284271247461903,0
589,3.1622776601683795,0
801,3.1622776601683795,0
150,38,-40,4
28,4.0,0
594,2.0,0
190,2.8284271247461903,0
325,3.0,0
151,18,-11,5
688,2.0,0
223,2.23606797749979,0
517,2.23606797749979,0
776,2.8284271247461903,0
539,3.605551275463989,0
152,-4,-6,4
133,3.1622776601683795,0
593,2.23606797749979,0
501,3.0,0
117,3.1622776601683795,0
153,-8,10,6
102,2.0,0
137,6.0,0
546,2.23606797749979,0
428,3.1622776601683795,0
598,4.0,0
411,9.0,0
154,-1,-3,4
133,2.0,0
164,2.0,0
765,2.23606797749979,0
803,2.23606797749979,0
155,48,2,4
52,2.0,0
105,3.0,0
634,2.23606797749979,0
200,2.8284271247461903,0
156,44,0,5
52,2.8284271247461903,0
513,2.23606797749979,0
634,3.0,0
205,3.1622776601683795,0
299,3.605551275463989,0
157,-47,9,5
66,2.23606797749979,0
645,2.0,0
286,3.1622776601683795,0
624,3.1622776601683795,0
278,4.0,0
158,-33,11,4
30,2.23606797749979,0
377,2.23606797749979,0
202,3.1622776601683795,0
452,3.1622776601683795,0
159,15,2,6
78,2.23606797749979,0
726,2.0,0
342,2.23606797749979,0
518,2.8284271247461903,0
316,3.605551275463989,0
359,3.0,0
160,45,25,7
58,2.23606797749979,0
77,2.0,0
385,2.0,0
403,2.0,0
188,2.23606797749979,0
245,2.8284271247461903,0
543,3.605551275463989,0
161,14,-5,5
12,2.23606797749979,0
507,2.23606797749979,0
341,2.8284271247461903,0
582,3.1622776601683795,0
665,3.605551275463989,0
162,-4,-47,4
488,2.23606797749979,0
416,3.1622776601683795,0
534,3.1622776601683795,0
601,3.1622776601683795,0
163,13,-11,4
130,2.23606797749979,0
229,2.0,0
289,2.8284271247461903,0
398,3.1622776601683795,0
164,-1,-5,6
117,2.0,0
133,2.8284271247461903,0
154,2.0,0
635,2.23606797749979,0
765,2.23606797749979,0
803,3.605551275463989,0
165,29,23,4
687,2.0,0
414,2.23606797749979,0
755,3.1622776601683795,0
756,3.1622776601683795,0
166,-41,47,4
451,2.23606797749979,0
691,2.23606797749979,0
725,2.23606797749979,0
198,3.1622776601683795,0
167,13,-26,6
525,2.0,0
248,2.23606797749979,0
256,2.23606797749979,0
705,2.23606797749979,0
321,3.1622776601683795,0
551,2.8284271247461903,0
168,43,-48,5
41,2.23606797749979,0
126,3.1622776601683795,0
348,3.0,0
402,4.123105625617661,0
318,5.0,0
169,47,48,4
449,2.23606797749979,0
473,3.0,0
94,3.605551275463989,0
352,4.47213595499958,0
170,-34,-35,3
185,2.0,0
353,3.0,0
122,3.605551275463989,0
171,38,47,4
780,2.0,0
290,2.23606797749979,0
213,2.8284271247461903,0
246,3.1622776601683795,0
172,34,45,5
72,3.1622776601683795,0
652,3.0,0
246,3.1622776601683795,0
290,3.605551275463989,0
432,3.605551275463989,0
173,-12,-20,4
48,2.0,0
79,3.0,0
315,2.0,0
101,3.605551275463989,0
174,-10,-24,6
48,2.8284271247461903,0
101,2.23606797749979,0
461,2.0,0
453,2.23606797749979,0
703,2.23606797749979,0
350,4.123105625617661,0
175,-40,-44,4
99,2.0,0
322,2.23606797749979,0
363,2.23606797749979,0
113,3.605551275463989,0
176,-41,7,4
192,2.23606797749979,0
371,3.1622776601683795,0
474,3.1622776601683795,0
624,3.1622776601683795,0
177,43,20,4
142,3.1622776601683795,0
441,2.0,0
330,2.23606797749979,0
58,3.1622776601683795,0
178,38,21,4
39,3.0,0
644,2.0,0
344,2.8284271247461903,0
330,3.0,0
179,34,-21,4
7,2.8284271247461903,0
491,2.0,0
683,2.0,0
550,3.0,0
180,6,-38,4
759,2.23606797749979,0
298,3.0,0
662,3.0,0
433,3.605551275463989,0
181,-37,-16,4
135,2.0,0
309,2.0,0
618,2.23606797749979,0
425,2.8284271247461903,0
182,17,6,5
78,2.23606797749979,0
349,2.0,0
339,2.23606797749979,0
799,2.23606797749979,0
305,2.8284271247461903,0
183,32,21,4
390,2.23606797749979,0
617,2.23606797749979,0
687,2.23606797749979,0
756,2.23606797749979,0
184,-8,2,4
355,2.23606797749979,0
713,2.23606797749979,0
347,3.605551275463989,0
578,4.0,0
185,-36,-35,5
122,3.0,0
170,2.0,0
468,2.0,0
773,2.23606797749979,0
496,2.8284271247461903,0
186,-16,38,5
16,3.605551275463989,0
98,3.1622776601683795,0
502,2.0,0
723,2.8284271247461903,0
782,3.0,0
187,-43,25,4
6,2.23606797749979,0
417,2.23606797749979,0
447,2.23606797749979,0
777,2.23606797749979,0
188,46,23,6
0,2.8284271247461903,0
58,2.0,0
77,2.23606797749979,0
543,2.0,0
160,2.23606797749979,0
245,4.123105625617661,0
189,13,11,4
64,2.8284271247461903,0
84,3.1622776601683795,0
421,2.0,0
490,2.0,0
190,40,-42,4
150,2.8284271247461903,0
627,2.0,0
325,2.23606797749979,0
677,2.23606797749979,0
191,26,9,5
220,2.23606797749979,0
658,2.23606797749979,0
686,2.23606797749979,0
679,3.0,0
334,3.1622776601683795,0
192,-43,6,5
56,2.0,0
176,2.23606797749979,0
624,2.23606797749979,0
371,3.605551275463989,0
278,4.123105625617661,0
193,12,-18,4
90,3.1622776601683795,0
504,2.23606797749979,0
702,2.23606797749979,0
768,2.23606797749979,0
194,-36,45,6
43,2.23606797749979,0
693,2.0,0
524,2.23606797749979,0
602,2.8284271247461903,0
259,3.605551275463989,0
725,4.242640687119285,0
195,26,-39,6
88,2.8284271247461903,0
595,2.0,0
620,2.0,0
772,2.0,0
607,4.123105625617661,0
795,2.8284271247461903,0
196,-17,9,7
83,2.23606797749979,0
695,2.0,0
743,2.23606797749979,0
405,2.8284271247461903,0
225,3.1622776601683795,0
319,3.605551275463989,0
614,3.1622776601683795,0
197,-31,7,4
97,2.23606797749979,0
495,2.23606797749979,0
675,2.8284271247461903,0
264,3.0,0
198,-44,48,6
115,4.0,0
166,3.1622776601683795,0
528,2.0,0
691,2.23606797749979,0
789,2.23606797749979,0
787,4.47213595499958,0
199,-9,-13,4
74,3.1622776601683795,0
201,3.1622776601683795,0
386,3.1622776601683795,0
689,3.605551275463989,0
200,46,4,5
52,2.0,0
105,2.23606797749979,0
155,2.8284271247461903,0
261,2.23606797749979,0
634,4.123105625617661,0
201,-8,-16,4
199,3.1622776601683795,0
386,2.8284271247461903,0
210,3.0,0
519,3.1622776601683795,0
202,-36,10,6
158,3.1622776601683795,0
643,2.0,0
235,2.23606797749979,0
377,2.23606797749979,0
452,2.8284271247461903,0
533,2.8284271247461903,0
203,-36,-5,4
37,2.23606797749979,0
368,2.8284271247461903,0
253,3.0,0
270,3.0,0
204,-14,-45,7
21,4.242640687119285,0
32,3.1622776601683795,0
134,3.0,0
632,2.0,0
692,2.0,0
775,2.23606797749979,0
393,2.8284271247461903,0
205,41,1,5
8,2.8284271247461903,0
156,3.1622776601683795,0
299,2.23606797749979,0
513,2.23606797749979,0
606,3.1622776601683795,0
206,14,6,6
78,2.8284271247461903,0
84,2.0,0
342,2.0,0
339,2.8284271247461903,0
366,2.8284271247461903,0
387,3.1622776601683795,0
207,40,9,4
388,2.23606797749979,0
400,2.23606797749979,0
470,2.23606797749979,0
603,2.8284271247461903,0
208,-36,-10,4
40,2.8284271247461903,0
253,2.0,0
584,2.0,0
639,2.23606797749979,0
209,-27,40,5
308,2.23606797749979,0
521,2.23606797749979,0
730,2.23606797749979,0
250,3.0,0
465,3.1622776601683795,0
210,-5,-16,4
201,3.0,0
386,2.23606797749979,0
587,2.23606797749979,0
623,2.8284271247461903,0
211,-37,-47,6
99,3.1622776601683795,0
547,2.0,0
363,2.23606797749979,0
19,3.1622776601683795,0
633,3.605551275463989,0
673,3.1622776601683795,0
212,1,46,6
112,3.1622776601683795,0
552,2.0,0
454,2.23606797749979,0
747,2.23606797749979,0
358,4.123105625617661,0
565,4.47213595499958,0
213,40,45,6
171,2.8284271247461903,0
780,2.0,0
485,2.23606797749979,0
242,3.1622776601683795,0
246,3.1622776601683795,0
758,3.605551275463989,0
214,47,16,4
75,3.1622776601683795,0
142,3.1622776601683795,0
769,2.23606797749979,0
33,4.123105625617661,0
215,-40,0,4
748,2.23606797749979,0
800,2.23606797749979,0
89,3.0,0
415,3.1622776601683795,0
216,11,45,4
116,3.1622776601683795,0
564,3.0,0
222,3.1622776601683795,0
790,3.1622776601683795,0
217,18,-40,4
50,2.23606797749979,0
770,2.0,0
555,2.23606797749979,0
558,4.123105625617661,0
218,47,-12,4
641,2.0,0
751,2.0,0
374,3.605551275463989,0
676,4.123105625617661,0
219,21,-25,5
44,3.1622776601683795,0
104,2.23606797749979,0
656,2.23606797749979,0
571,3.1622776601683795,0
431,3.605551275463989,0
220,27,11,4
71,3.0,0
191,2.23606797749979,0
679,2.8284271247461903,0
686,4.0,0
221,-28,15,5
128,2.23606797749979,0
392,2.0,0
621,2.23606797749979,0
804,2.23606797749979,0
640,3.1622776601683795,0
222,14,46,5
116,2.8284271247461903,0
216,3.1622776601683795,0
696,2.0,0
304,2.23606797749979,0
508,3.0,0
223,20,-10,4
123,2.8284271247461903,0
151,2.23606797749979,0
539,2.0,0
776,3.0,0
224,-41,-34,5
139,3.1622776601683795,0
576,2.0,0
487,2.23606797749979,0
762,2.8284271247461903,0
111,3.0,0
225,-20,10,4
727,2.0,0
306,2.23606797749979,0
743,2.23606797749979,0
196,3.1622776601683795,0
226,-26,19,5
143,2.23606797749979,0
651,2.0,0
483,2.23606797749979,0
621,2.23606797749979,0
467,3.0,0
227,32,10,5
71,2.23606797749979,0
124,4.123105625617661,0
273,2.23606797749979,0
418,3.1622776601683795,0
679,3.1622776601683795,0
228,36,41,4
506,2.8284271247461903,0
242,3.1622776601683795,0
246,3.1622776601683795,0
378,4.0,0
229,13,-9,4
163,2.0,0
289,2.0,0
507,2.0,0
283,2.8284271247461903,0
230,20,1,4
307,2.23606797749979,0
493,2.23606797749979,0
305,3.1622776601683795,0
518,3.1622776601683795,0
231,-44,18,5
141,2.0,0
147,3.1622776601683795,0
600,2.0,0
238,2.23606797749979,0
480,2.8284271247461903,0
232,-46,30,6
575,2.0,0
260,2.23606797749979,0
701,2.8284271247461903,0
268,3.1622776601683795,0
381,3.1622776601683795,0
430,4.123105625617661,0
233,-29,-25,5
26,4.0,0
774,2.0,0
276,2.23606797749979,0
597,2.23606797749979,0
674,2.23606797749979,0
234,20,22,4
512,2.23606797749979,0
785,2.23606797749979,0
481,2.8284271247461903,0
356,3.1622776601683795,0
235,-37,8,4
202,2.23606797749979,0
566,2.0,0
643,2.23606797749979,0
452,3.0,0
236,-30,37,4
407,2.0,0
410,2.0,0
521,2.23606797749979,0
560,2.23606797749979,0
237,2,-42,4
434,2.0,0
659,2.0,0
257,3.0,0
569,3.0,0
238,-43,16,4
87,2.23606797749979,0
231,2.23606797749979,0
600,2.23606797749979,0
604,2.23606797749979,0
239,2,-47,5
569,2.0,0
375,3.0,0
534,3.1622776601683795,0
601,3.1622776601683795,0
288,5.0,0
240,17,40,4
479,2.0,0
585,2.0,0
613,2.8284271247461903,0
357,3.0,0
241,36,4,6
376,2.0,0
734,2.0,0
608,2.23606797749979,0
728,2.23606797749979,0
372,4.47213595499958,0
699,2.8284271247461903,0
242,39,42,5
132,3.0,0
213,3.1622776601683795,0
228,3.1622776601683795,0
246,2.8284271247461903,0
549,2.8284271247461903,0
243,-8,-4,6
51,4.0,0
578,2.0,0
501,2.23606797749979,0
738,2.23606797749979,0
593,3.0,0
713,4.123105625617661,0
244,1,-20,7
62,6.082762530298219,0
456,2.0,0
685,2.23606797749979,0
361,3.0,0
277,3.605551275463989,0
472,8.0,0
478,4.0,0
245,47,27,5
77,2.0,0
403,2.0,0
160,2.8284271247461903,0
188,4.123105625617661,0
448,4.123105625617661,0
246,37,44,5
171,3.1622776601683795,0
172,3.1622776601683795,0
228,3.1622776601683795,0
242,2.8284271247461903,0
213,3.1622776601683795,0
247,-46,-29,5
47,2.8284271247461903,0
54,2.23606797749979,0
365,2.23606797749979,0
796,2.23606797749979,0
328,4.123105625617661,0
248,11,-27,4
167,2.23606797749979,0
705,2.0,0
321,4.123105625617661,0
525,4.123105625617661,0
249,-1,-44,4
257,2.0,0
534,2.0,0
488,2.23606797749979,0
569,3.1622776601683795,0
250,-27,43,5
209,3.0,0
463,2.8284271247461903,0
730,2.8284271247461903,0
429,3.0,0
783,3.0,0
251,48,-21,4
529,2.0,0
794,2.0,0
296,3.1622776601683795,0
476,3.605551275463989,0
252,-1,30,5
458,2.0,0
733,2.0,0
744,2.0,0
380,2.23606797749979,0
669,2.8284271247461903,0
253,-36,-8,4
203,3.0,0
208,2.0,0
368,2.23606797749979,0
639,2.23606797749979,0
254,43,36,4
67,2.8284271247461903,0
511,2.0,0
802,2.0,0
537,3.1622776601683795,0
255,-25,-38,4
61,3.0,0
346,3.0,0
698,5.0,0
706,5.0990195135927845,0
256,14,-24,5
167,2.23606797749979,0
321,2.23606797749979,0
525,2.23606797749979,0
581,3.1622776601683795,0
705,3.1622776601683795,0
257,-1,-42,5
237,3.0,0
249,2.0,0
469,2.23606797749979,0
542,3.0,0
742,3.1622776601683795,0
258,-26,3,5
18,2.23606797749979,0
82,2.8284271247461903,0
303,3.0,0
556,3.0,0
279,3.1622776601683795,0
259,-34,48,4
43,3.1622776601683795,0
524,2.0,0
194,3.605551275463989,0
370,3.605551275463989,0
260,-44,29,6
6,2.0,0
232,2.23606797749979,0
570,2.23606797749979,0
777,2.8284271247461903,0
575,4.123105625617661,0
710,3.1622776601683795,0
261,45,6,5
105,3.1622776601683795,0
106,2.8284271247461903,0
200,2.23606797749979,0
654,2.23606797749979,0
720,2.23606797749979,0
262,-18,47,4
364,2.0,0
523,2.0,0
486,2.8284271247461903,0
266,3.0,0
263,-27,10,5
13,2.23606797749979,0
69,3.1622776601683795,0
515,2.23606797749979,0
675,2.23606797749979,0
445,2.8284271247461903,0
264,-28,7,5
13,2.23606797749979,0
82,2.0,0
197,3.0,0
556,2.23606797749979,0
675,2.23606797749979,0
265,-14,-24,8
48,2.8284271247461903,0
461,2.0,0
362,2.23606797749979,0
484,2.23606797749979,0
746,2.23606797749979,0
272,5.0,0
315,4.0,0
459,4.123105625617661,0
266,-21,47,5
262,3.0,0
757,2.0,0
455,2.23606797749979,0
650,2.23606797749979,0
364,5.0,0
267,-6,21,4
68,2.0,0
301,2.23606797749979,0
498,2.23606797749979,0
509,2.8284271247461903,0
268,-47,27,4
6,3.0,0
232,3.1622776601683795,0
660,2.0,0
575,3.1622776601683795,0
269,36,31,4
435,2.23606797749979,0
760,2.23606797749979,0
91,3.0,0
752,3.605551275463989,0
270,-39,-5,6
37,2.8284271247461903,0
89,2.23606797749979,0
203,3.0,0
438,2.0,0
368,2.23606797749979,0
741,2.8284271247461903,0
271,-20,41,4
23,2.23606797749979,0
108,2.23606797749979,0
723,2.23606797749979,0
17,3.0,0
272,-18,-27,4
459,2.0,0
746,2.8284271247461903,0
553,3.1622776601683795,0
265,5.0,0
273,34,9,4
124,2.8284271247461903,0
227,2.23606797749979,0
418,2.23606797749979,0
450,2.23606797749979,0
274,48,40,5
704,2.23606797749979,0
562,3.1622776601683795,0
291,3.605551275463989,0
3,4.0,0
611,4.0,0
275,-43,-28,5
497,2.0,0
712,2.0,0
516,2.23606797749979,0
664,2.23606797749979,0
796,2.23606797749979,0
276,-31,-24,8
26,3.605551275463989,0
121,2.0,0
233,2.23606797749979,0
535,2.23606797749979,0
774,2.23606797749979,0
419,3.1622776601683795,0
597,3.1622776601683795,0
682,4.123105625617661,0
277,-1,-17,6
14,2.0,0
145,2.8284271247461903,0
244,3.605551275463989,0
587,2.0,0
456,2.23606797749979,0
361,3.1622776601683795,0
278,-47,5,4
56,2.23606797749979,0
645,2.0,0
157,4.0,0
192,4.123105625617661,0
279,-23,2,4
18,2.23606797749979,0
406,2.23606797749979,0
110,3.1622776601683795,0
258,3.1622776601683795,0
280,-38,-24,5
46,2.8284271247461903,0
93,2.23606797749979,0
505,2.23606797749979,0
114,3.1622776601683795,0
404,3.1622776601683795,0
281,-14,-38,5
129,2.8284271247461903,0
717,2.0,0
492,3.0,0
649,3.0,0
345,3.605551275463989,0
282,46,-28,4
4,2.0,0
444,2.0,0
653,2.0,0
538,2.8284271247461903,0
283,11,-7,4
12,3.1622776601683795,0
229,2.8284271247461903,0
289,2.0,0
507,2.0,0
284,48,-45,5
126,2.8284271247461903,0
592,2.0,0
318,3.0,0
317,3.1622776601683795,0
442,4.0,0
285,-3,38,3
5,3.0,0
131,3.1622776601683795,0
532,3.1622776601683795,0
286,-48,12,4
65,3.0,0
66,2.23606797749979,0
157,3.1622776601683795,0
766,2.8284271247461903,0
287,-37,4,5
566,2.0,0
371,3.0,0
415,3.0,0
609,3.0,0
561,3.605551275463989,0
288,7,-47,4
375,2.0,0
426,2.0,0
573,3.605551275463989,0
239,5.0,0
289,11,-9,4
163,2.8284271247461903,0
229,2.0,0
283,2.0,0
507,2.8284271247461903,0
290,36,48,4
171,2.23606797749979,0
172,3.605551275463989,0
652,2.0,0
432,4.0,0
291,45,42,5
3,2.23606797749979,0
274,3.605551275463989,0
562,2.23606797749979,0
94,3.0,0
132,3.0,0
292,25,-25,5
439,2.0,0
360,2.23606797749979,0
656,2.23606797749979,0
431,3.605551275463989,0
293,4.123105625617661,0
293,29,-26,4
439,2.23606797749979,0
360,3.1622776601683795,0
446,3.1622776601683795,0
292,4.123105625617661,0
294,40,27,4
399,2.0,0
462,2.23606797749979,0
574,2.23606797749979,0
752,2.23606797749979,0
295,18,10,5
799,2.0,0
554,2.23606797749979,0
339,2.8284271247461903,0
421,3.1622776601683795,0
541,3.1622776601683795,0
296,47,-18,4
251,3.1622776601683795,0
676,2.23606797749979,0
792,2.23606797749979,0
794,3.1622776601683795,0
297,18,-15,5
482,2.0,0
688,2.0,0
382,2.23606797749979,0
567,2.23606797749979,0
776,2.8284271247461903,0
298,6,-41,5
180,3.0,0
464,2.23606797749979,0
659,2.23606797749979,0
433,3.1622776601683795,0
573,3.1622776601683795,0
299,42,3,5
205,2.23606797749979,0
606,2.23606797749979,0
720,2.23606797749979,0
156,3.605551275463989,0
513,4.0,0
300,-18,35,4
98,2.23606797749979,0
782,2.0,0
588,3.1622776601683795,0
715,3.1622776601683795,0
301,-8,20,4
73,3.605551275463989,0
267,2.23606797749979,0
572,3.0,0
498,3.1622776601683795,0
302,-23,14,4
397,2.0,0
401,2.0,0
392,3.1622776601683795,0
143,3.605551275463989,0
303,-29,3,4
82,2.23606797749979,0
97,2.23606797749979,0
258,3.0,0
661,2.23606797749979,0
304,16,47,4
222,2.23606797749979,0
696,2.23606797749979,0
116,4.123105625617661,0
357,4.123105625617661,0
305,19,4,5
230,3.1622776601683795,0
349,2.0,0
493,2.23606797749979,0
182,2.8284271247461903,0
78,3.0,0
306,-21,8,4
225,2.23606797749979,0
311,2.23606797749979,0
405,2.23606797749979,0
727,2.23606797749979,0
307,19,-1,4
230,2.23606797749979,0
518,2.23606797749979,0
638,2.23606797749979,0
471,3.0,0
308,-25,39,4
209,2.23606797749979,0
599,2.0,0
730,2.0,0
740,2.0,0
309,-39,-16,5
100,2.8284271247461903,0
181,2.0,0
425,2.0,0
530,2.0,0
724,2.8284271247461903,0
310,12,25,4
34,4.0,0
719,2.0,0
610,2.23606797749979,0
779,4.123105625617661,0
311,-23,7,4
69,2.23606797749979,0
306,2.23606797749979,0
13,3.1622776601683795,0
18,3.1622776601683795,0
312,-41,-11,4
146,2.23606797749979,0
724,3.0,0
40,3.1622776601683795,0
530,3.605551275463989,0
313,-10,-41,4
29,3.1622776601683795,0
129,2.23606797749979,0
626,2.23606797749979,0
492,3.1622776601683795,0
314,-27,48,4
80,2.0,0
681,2.0,0
797,2.0,0
615,2.8284271247461903,0
315,-14,-20,5
173,2.0,0
484,2.23606797749979,0
48,2.8284271247461903,0
265,4.0,0
522,4.0,0
316,12,0,4
665,2.0,0
726,2.23606797749979,0
359,3.1622776601683795,0
159,3.605551275463989,0
317,45,-44,7
118,2.23606797749979,0
126,3.1622776601683795,0
284,3.1622776601683795,0
348,2.23606797749979,0
423,2.23606797749979,0
318,5.0,0
592,3.1622776601683795,0
318,48,-48,4
126,2.23606797749979,0
284,3.0,0
168,5.0,0
317,5.0,0
319,-14,11,5
83,2.0,0
413,2.8284271247461903,0
614,3.0,0
196,3.605551275463989,0
743,4.0,0
320,-15,3,4
31,2.0,0
580,2.23606797749979,0
786,2.8284271247461903,0
709,3.1622776601683795,0
321,12,-23,6
248,4.123105625617661,0
256,2.23606797749979,0
705,2.23606797749979,0
729,2.23606797749979,0
167,3.1622776601683795,0
504,3.1622776601683795,0
322,-38,-43,4
19,2.23606797749979,0
113,2.0,0
175,2.23606797749979,0
363,2.0,0
323,29,47,6
72,2.23606797749979,0
716,2.0,0
536,2.23606797749979,0
420,3.1622776601683795,0
432,3.1622776601683795,0
475,4.123105625617661,0
324,-48,20,4
35,3.1622776601683795,0
125,2.23606797749979,0
141,2.8284271247461903,0
764,3.0,0
325,41,-40,5
148,3.0,0
150,3.0,0
190,2.23606797749979,0
677,3.1622776601683795,0
594,5.0,0
326,-19,22,6
503,2.23606797749979,0
697,2.23606797749979,0
22,3.0,0
466,3.1622776601683795,0
332,3.605551275463989,0
737,3.1622776601683795,0
327,-18,-38,3
61,4.0,0
717,2.0,0
706,2.23606797749979,0
328,-47,-25,4
47,2.23606797749979,0
583,2.0,0
796,2.8284271247461903,0
247,4.123105625617661,0
329,-12,37,4
16,2.8284271247461903,0
631,2.0,0
646,3.0,0
557,3.605551275463989,0
330,41,21,4
177,2.23606797749979,0
178,3.0,0
391,2.23606797749979,0
58,3.605551275463989,0
331,41,-28,4
657,2.0,0
718,2.0,0
763,2.8284271247461903,0
444,3.0,0
332,-16,20,5
22,2.0,0
503,2.0,0
721,2.23606797749979,0
326,3.605551275463989,0
672,3.605551275463989,0
333,-1,-11,4
45,2.23606797749979,0
85,2.23606797749979,0
605,2.0,0
563,2.23606797749979,0
334,23,10,4
541,2.23606797749979,0
658,2.23606797749979,0
191,3.1622776601683795,0
554,3.1622776601683795,0
335,-39,-39,4
113,2.23606797749979,0
354,2.23606797749979,0
496,2.23606797749979,0
544,2.23606797749979,0
336,46,31,4
448,2.0,0
394,2.23606797749979,0
545,2.23606797749979,0
619,2.23606797749979,0
337,34,-14,4
767,2.0,0
671,2.23606797749979,0
591,2.8284271247461903,0
590,3.0,0
338,45,10,6
9,2.23606797749979,0
33,3.605551275463989,0
59,2.23606797749979,0
106,2.8284271247461903,0
784,2.0,0
510,2.23606797749979,0
339,16,8,6
84,2.0,0
182,2.23606797749979,0
206,2.8284271247461903,0
295,2.8284271247461903,0
799,2.0,0
421,3.1622776601683795,0
340,-6,-44,6
29,2.23606797749979,0
351,2.23606797749979,0
542,2.8284271247461903,0
488,3.1622776601683795,0
416,4.123105625617661,0
732,4.0,0
341,16,-7,5
123,2.23606797749979,0
161,2.8284271247461903,0
507,3.0,0
517,3.0,0
582,3.1622776601683795,0
342,14,4,5
78,2.0,0
159,2.23606797749979,0
206,2.0,0
366,2.0,0
726,2.23606797749979,0
343,30,7,6
71,4.0,0
622,2.0,0
679,2.23606797749979,0
389,2.8284271247461903,0
460,2.8284271247461903,0
418,3.0,0
344,36,23,6
20,3.0,0
39,2.23606797749979,0
178,2.8284271247461903,0
644,2.0,0
390,2.23606797749979,0
617,3.605551275463989,0
345,-17,-40,3
717,2.23606797749979,0
649,3.1622776601683795,0
281,3.605551275463989,0
346,-28,-38,4
255,3.0,0
698,2.0,0
648,5.0990195135927845,0
61,6.0,0
347,-11,4,6
31,2.23606797749979,0
184,3.605551275463989,0
355,2.0,0
739,2.23606797749979,0
786,2.23606797749979,0
598,3.605551275463989,0
348,43,-45,6
41,2.8284271247461903,0
168,3.0,0
317,2.23606797749979,0
677,2.23606797749979,0
402,4.47213595499958,0
627,3.1622776601683795,0
349,19,6,4
144,2.23606797749979,0
182,2.0,0
305,2.0,0
799,2.23606797749979,0
350,-9,-28,4
453,2.0,0
579,2.0,0
703,2.8284271247461903,0
174,4.123105625617661,0
351,-8,-45,5
340,2.23606797749979,0
642,2.0,0
29,3.1622776601683795,0
416,3.1622776601683795,0
457,3.1622776601683795,0
352,43,46,6
94,2.23606797749979,0
169,4.47213595499958,0
449,2.23606797749979,0
485,2.23606797749979,0
758,2.23606797749979,0
780,3.1622776601683795,0
353,-34,-32,4
170,3.0,0
637,2.0,0
57,3.1622776601683795,0
773,3.1622776601683795,0
354,-41,-40,3
335,2.23606797749979,0
113,3.1622776601683795,0
544,3.1622776601683795,0
355,-9,4,5
184,2.23606797749979,0
347,2.0,0
598,2.23606797749979,0
739,2.23606797749979,0
713,4.0,0
356,17,21,4
120,3.1622776601683795,0
234,3.1622776601683795,0
785,2.23606797749979,0
384,3.1622776601683795,0
357,17,43,4
240,3.0,0
304,4.123105625617661,0
508,3.0,0
479,3.605551275463989,0
358,5,47,4
38,2.0,0
454,2.0,0
212,4.123105625617661,0
663,4.123105625617661,0
359,15,-1,5
316,3.1622776601683795,0
518,2.23606797749979,0
638,2.23606797749979,0
159,3.0,0
665,3.1622776601683795,0
360,26,-27,4
292,2.23606797749979,0
293,3.1622776601683795,0
439,2.23606797749979,0
431,3.1622776601683795,0
361,-2,-20,4
244,3.0,0
647,2.23606797749979,0
685,2.8284271247461903,0
277,3.1622776601683795,0
362,-13,-26,6
265,2.23606797749979,0
703,2.0,0
461,2.23606797749979,0
553,2.8284271247461903,0
579,2.8284271247461903,0
746,3.1622776601683795,0
363,-38,-45,7
19,2.23606797749979,0
99,2.23606797749979,0
175,2.23606797749979,0
211,2.23606797749979,0
322,2.0,0
547,3.605551275463989,0
673,3.605551275463989,0
364,-16,47,4
262,2.0,0
486,2.0,0
523,2.8284271247461903,0
266,5.0,0
365,-45,-31,5
54,3.1622776601683795,0
247,2.23606797749979,0
497,2.23606797749979,0
526,2.23606797749979,0
762,2.23606797749979,0
366,12,4,4
342,2.0,0
726,2.23606797749979,0
206,2.8284271247461903,0
387,3.1622776601683795,0
367,-5,35,5
5,2.0,0
86,3.605551275463989,0
680,2.23606797749979,0
788,2.23606797749979,0
109,3.0,0
368,-38,-7,7
146,2.8284271247461903,0
203,2.8284271247461903,0
253,2.23606797749979,0
270,2.23606797749979,0
639,2.0,0
438,3.605551275463989,0
741,3.0,0
369,20,-6,4
123,2.8284271247461903,0
539,2.0,0
471,2.23606797749979,0
582,3.605551275463989,0
370,-31,46,5
42,2.23606797749979,0
80,2.8284271247461903,0
259,3.605551275463989,0
463,2.23606797749979,0
524,3.0,0
371,-40,4,5
176,3.1622776601683795,0
192,3.605551275463989,0
287,3.0,0
748,2.23606797749979,0
566,3.605551275463989,0
372,34,0,4
119,2.0,0
699,2.0,0
608,3.605551275463989,0
241,4.47213595499958,0
373,-6,-21,3
79,3.1622776601683795,0
519,2.23606797749979,0
647,2.8284271247461903,0
374,44,-14,5
55,3.1622776601683795,0
218,3.605551275463989,0
700,2.23606797749979,0
751,2.23606797749979,0
641,3.0,0
375,5,-47,4
239,3.0,0
288,2.0,0
426,2.8284271247461903,0
573,3.0,0
376,38,4,5
241,2.0,0
606,2.0,0
608,2.23606797749979,0
734,2.8284271247461903,0
603,3.0,0
377,-35,12,4
158,2.23606797749979,0
202,2.23606797749979,0
533,3.0,0
643,3.605551275463989,0
378,36,37,4
11,2.23606797749979,0
228,4.0,0
424,2.0,0
506,2.8284271247461903,0
379,-43,-48,3
500,2.0,0
673,3.0,0
793,5.0,0
380,-2,28,6
252,2.23606797749979,0
731,2.0,0
744,2.23606797749979,0
408,2.8284271247461903,0
514,2.8284271247461903,0
733,3.605551275463989,0
381,-45,33,5
430,2.23606797749979,0
436,2.23606797749979,0
710,2.23606797749979,0
232,3.1622776601683795,0
701,3.1622776601683795,0
382,16,-14,4
130,2.23606797749979,0
297,2.23606797749979,0
711,2.0,0
688,2.23606797749979,0
383,-44,12,6
66,2.23606797749979,0
87,2.0,0
616,2.0,0
753,2.0,0
604,2.8284271247461903,0
736,2.8284271247461903,0
384,14,22,4
34,2.23606797749979,0
120,2.0,0
356,3.1622776601683795,0
610,3.1622776601683795,0
385,43,25,6
58,2.23606797749979,0
160,2.0,0
462,2.0,0
391,2.23606797749979,0
399,2.23606797749979,0
403,2.8284271247461903,0
386,-6,-14,5
74,2.0,0
199,3.1622776601683795,0
201,2.8284271247461903,0
210,2.23606797749979,0
527,2.8284271247461903,0
387,11,7,5
64,2.0,0
366,3.1622776601683795,0
84,3.1622776601683795,0
206,3.1622776601683795,0
490,4.0,0
388,41,11,3
9,2.8284271247461903,0
207,2.23606797749979,0
400,3.1622776601683795,0
389,32,5,4
343,2.8284271247461903,0
622,2.0,0
728,2.0,0
418,2.23606797749979,0
390,34,22,5
183,2.23606797749979,0
344,2.23606797749979,0
617,2.0,0
644,2.23606797749979,0
687,3.1622776601683795,0
391,42,23,4
58,2.0,0
330,2.23606797749979,0
385,2.23606797749979,0
462,2.23606797749979,0
392,-26,15,6
143,2.23606797749979,0
221,2.0,0
302,3.1622776601683795,0
621,2.23606797749979,0
515,3.0,0
401,3.1622776601683795,0
393,-12,-47,5
134,2.23606797749979,0
204,2.8284271247461903,0
632,2.0,0
642,2.8284271247461903,0
457,3.1622776601683795,0
394,47,33,4
336,2.23606797749979,0
545,2.0,0
448,2.23606797749979,0
611,3.1622776601683795,0
395,-46,-36,4
586,2.0,0
750,2.23606797749979,0
526,3.0,0
576,3.605551275463989,0
396,-38,-29,4
57,2.23606797749979,0
114,2.23606797749979,0
612,2.0,0
655,2.23606797749979,0
397,-23,12,3
302,2.0,0
515,3.0,0
69,3.1622776601683795,0
398,12,-14,4
163,3.1622776601683795,0
711,2.0,0
702,2.23606797749979,0
768,2.23606797749979,0
399,42,27,4
294,2.0,0
385,2.23606797749979,0
462,2.23606797749979,0
403,3.0,0
400,38,10,5
124,2.23606797749979,0
207,2.23606797749979,0
388,3.1622776601683795,0
450,2.8284271247461903,0
603,3.0,0
401,-23,16,4
143,2.23606797749979,0
302,2.0,0
467,3.0,0
392,3.1622776601683795,0
402,39,-47,4
41,2.0,0
168,4.123105625617661,0
627,3.1622776601683795,0
348,4.47213595499958,0
403,45,27,6
160,2.0,0
245,2.0,0
399,3.0,0
77,2.8284271247461903,0
385,2.8284271247461903,0
619,3.1622776601683795,0
404,-37,-21,6
49,3.0,0
520,2.23606797749979,0
577,2.8284271247461903,0
280,3.1622776601683795,0
505,3.605551275463989,0
618,3.1622776601683795,0
405,-19,7,4
196,2.8284271247461903,0
306,2.23606797749979,0
695,2.0,0
666,2.23606797749979,0
406,-22,4,4
18,2.0,0
110,2.23606797749979,0
279,2.23606797749979,0
666,2.23606797749979,0
407,-28,37,6
236,2.0,0
521,2.23606797749979,0
410,2.8284271247461903,0
599,3.0,0
560,3.605551275463989,0
708,3.1622776601683795,0
408,-4,26,4
1,2.8284271247461903,0
380,2.8284271247461903,0
731,2.0,0
509,3.0,0
409,12,-39,5
25,2.8284271247461903,0
558,2.0,0
781,2.0,0
443,2.8284271247461903,0
433,3.1622776601683795,0
410,-30,35,4
236,2.0,0
407,2.8284271247461903,0
708,3.1622776601683795,0
521,4.123105625617661,0
411,1,10,3
137,3.0,0
428,6.082762530298219,0
153,9.0,0
412,-34,6,4
452,2.0,0
609,2.0,0
495,2.23606797749979,0
566,3.0,0
413,-12,9,4
102,2.23606797749979,0
319,2.8284271247461903,0
628,2.0,0
614,2.23606797749979,0
414,27,22,4
60,2.23606797749979,0
127,3.1622776601683795,0
165,2.23606797749979,0
755,2.23606797749979,0
415,-37,1,6
215,3.1622776601683795,0
287,3.0,0
568,2.23606797749979,0
800,2.23606797749979,0
561,3.1622776601683795,0
748,4.123105625617661,0
416,-7,-48,4
162,3.1622776601683795,0
351,3.1622776601683795,0
457,2.0,0
340,4.123105625617661,0
417,-45,24,5
35,2.23606797749979,0
187,2.23606797749979,0
660,2.23606797749979,0
6,3.1622776601683795,0
447,3.1622776601683795,0
418,33,7,6
227,3.1622776601683795,0
273,2.23606797749979,0
389,2.23606797749979,0
728,2.23606797749979,0
343,3.0,0
622,3.605551275463989,0
419,-34,-25,5
46,2.23606797749979,0
535,2.23606797749979,0
577,2.23606797749979,0
276,3.1622776601683795,0
682,3.605551275463989,0
420,26,46,4
323,3.1622776601683795,0
475,2.23606797749979,0
536,2.23606797749979,0
716,3.1622776601683795,0
421,15,11,5
189,2.0,0
295,3.1622776601683795,0
84,3.1622776601683795,0
339,3.1622776601683795,0
490,4.0,0
422,36,-28,5
477,2.23606797749979,0
798,2.23606797749979,0
718,3.0,0
499,3.605551275463989,0
446,4.123105625617661,0
423,44,-42,5
118,2.0,0
148,2.0,0
317,2.23606797749979,0
677,2.23606797749979,0
749,2.8284271247461903,0
424,38,37,5
11,2.23606797749979,0
67,3.1622776601683795,0
378,2.0,0
506,2.0,0
537,2.8284271247461903,0
425,-39,-18,5
49,3.1622776601683795,0
100,2.0,0
181,2.8284271247461903,0
309,2.0,0
618,3.0,0
426,7,-45,4
288,2.0,0
375,2.8284271247461903,0
573,2.23606797749979,0
464,3.1622776601683795,0
427,-18,-22,4
522,2.0,0
459,3.0,0
484,3.0,0
746,3.605551275463989,0
428,-5,9,3
137,3.1622776601683795,0
153,3.1622776601683795,0
411,6.082762530298219,0
429,-24,43,4
17,2.23606797749979,0
108,3.0,0
250,3.0,0
730,2.23606797749979,0
430,-47,34,4
381,2.23606797749979,0
701,2.23606797749979,0
436,4.0,0
232,4.123105625617661,0
431,23,-28,5
104,3.1622776601683795,0
292,3.605551275463989,0
360,3.1622776601683795,0
656,2.0,0
219,3.605551275463989,0
432,32,48,5
72,2.23606797749979,0
290,4.0,0
652,2.0,0
323,3.1622776601683795,0
172,3.605551275463989,0
433,9,-40,5
180,3.605551275463989,0
298,3.1622776601683795,0
409,3.1622776601683795,0
443,3.1622776601683795,0
759,3.1622776601683795,0
434,2,-40,5
237,2.0,0
662,2.23606797749979,0
742,2.23606797749979,0
659,2.8284271247461903,0
630,3.1622776601683795,0
435,37,29,5
20,3.1622776601683795,0
91,2.8284271247461903,0
269,2.23606797749979,0
752,2.0,0
574,3.1622776601683795,0
436,-43,34,4
381,2.23606797749979,0
430,4.0,0
710,2.0,0
570,4.123105625617661,0
437,0,20,4
95,2.23606797749979,0
440,2.23606797749979,0
489,4.0,0
68,4.123105625617661,0
438,-41,-5,4
89,2.23606797749979,0
270,2.0,0
741,2.0,0
368,3.605551275463989,0
439,27,-25,4
292,2.0,0
293,2.23606797749979,0
360,2.23606797749979,0
656,4.123105625617661,0
440,1,22,4
437,2.23606797749979,0
489,2.23606797749979,0
95,3.1622776601683795,0
1,3.605551275463989,0
441,45,20,5
0,3.1622776601683795,0
142,3.1622776601683795,0
177,2.0,0
58,3.1622776601683795,0
769,3.605551275463989,0
442,48,-41,4
118,2.23606797749979,0
592,2.0,0
749,2.23606797749979,0
284,4.0,0
443,10,-37,4
409,2.8284271247461903,0
433,3.1622776601683795,0
759,2.0,0
781,2.0,0
444,44,-28,5
282,2.0,0
331,3.0,0
538,2.0,0
4,2.8284271247461903,0
653,4.0,0
445,-29,12,5
30,2.0,0
263,2.8284271247461903,0
804,2.23606797749979,0
515,3.0,0
675,3.0,0
446,32,-27,4
293,3.1622776601683795,0
798,2.0,0
499,2.8284271247461903,0
422,4.123105625617661,0
447,-42,23,4
147,2.23606797749979,0
187,2.23606797749979,0
417,3.1622776601683795,0
777,4.0,0
448,48,31,4
336,2.0,0
394,2.23606797749979,0
545,3.605551275463989,0
245,4.123105625617661,0
449,45,47,5
94,2.0,0
169,2.23606797749979,0
352,2.23606797749979,0
473,2.8284271247461903,0
758,3.1622776601683795,0
450,36,8,5
124,3.0,0
273,2.23606797749979,0
400,2.8284271247461903,0
734,2.0,0
603,2.23606797749979,0
451,-39,46,3
43,2.23606797749979,0
166,2.23606797749979,0
725,2.0,0
452,-34,8,4
158,3.1622776601683795,0
202,2.8284271247461903,0
235,3.0,0
412,2.0,0
453,-9,-26,4
174,2.23606797749979,0
350,2.0,0
703,2.0,0
579,2.8284271247461903,0
454,3,47,4
38,4.0,0
212,2.23606797749979,0
358,2.0,0
747,3.1622776601683795,0
455,-23,46,5
266,2.23606797749979,0
615,2.0,0
650,2.0,0
757,2.23606797749979,0
797,2.8284271247461903,0
456,1,-18,4
145,3.0,0
244,2.0,0
277,2.23606797749979,0
14,3.605551275463989,0
457,-9,-48,4
416,2.0,0
351,3.1622776601683795,0
393,3.1622776601683795,0
642,3.1622776601683795,0
458,-1,32,6
63,3.1622776601683795,0
252,2.0,0
669,2.0,0
733,2.8284271247461903,0
744,2.8284271247461903,0
680,3.1622776601683795,0
459,-18,-25,5
272,2.0,0
427,3.0,0
746,2.0,0
265,4.123105625617661,0
522,5.0,0
460,28,5,4
10,3.0,0
343,2.8284271247461903,0
622,2.0,0
686,2.23606797749979,0
461,-12,-24,4
48,2.0,0
174,2.0,0
265,2.0,0
362,2.23606797749979,0
462,41,25,4
294,2.23606797749979,0
385,2.0,0
391,2.23606797749979,0
399,2.23606797749979,0
463,-29,45,5
80,3.0,0
250,2.8284271247461903,0
370,2.23606797749979,0
681,2.23606797749979,0
783,2.23606797749979,0
464,8,-42,3
298,2.23606797749979,0
426,3.1622776601683795,0
573,3.605551275463989,0
465,-30,41,4
783,2.0,0
521,2.23606797749979,0
560,2.23606797749979,0
209,3.1622776601683795,0
466,-22,23,4
326,3.1622776601683795,0
737,2.0,0
548,3.0,0
697,3.605551275463989,0
467,-23,19,3
401,3.0,0
143,2.8284271247461903,0
226,3.0,0
468,-38,-35,5
185,2.0,0
496,2.0,0
487,2.23606797749979,0
773,2.23606797749979,0
544,2.8284271247461903,0
469,-2,-40,3
136,2.0,0
257,2.23606797749979,0
542,2.8284271247461903,0
470,41,7,5
9,2.8284271247461903,0
207,2.23606797749979,0
654,2.0,0
720,2.8284271247461903,0
606,3.1622776601683795,0
471,19,-4,4
307,3.0,0
369,2.23606797749979,0
582,2.0,0
638,2.8284271247461903,0
472,1,-28,4
62,2.23606797749979,0
478,4.0,0
685,6.082762530298219,0
244,8.0,0
473,47,45,4
94,2.0,0
169,3.0,0
449,2.8284271247461903,0
562,2.0,0
474,-40,10,5
176,3.1622776601683795,0
643,2.0,0
736,2.0,0
791,2.0,0
533,2.8284271247461903,0
475,25,48,4
420,2.23606797749979,0
536,2.0,0
323,4.123105625617661,0
716,5.0,0
476,46,-24,5
4,2.0,0
24,2.23606797749979,0
251,3.605551275463989,0
529,2.23606797749979,0
794,3.0,0
477,37,-26,5
422,2.23606797749979,0
763,2.0,0
718,2.8284271247461903,0
7,3.1622776601683795,0
798,3.1622776601683795,0
478,1,-24,4
62,2.23606797749979,0
472,4.0,0
685,2.23606797749979,0
244,4.0,0
479,15,40,7
76,2.23606797749979,0
240,2.0,0
357,3.605551275463989,0
613,2.0,0
714,2.23606797749979,0
508,3.1622776601683795,0
585,2.8284271247461903,0
480,-46,16,5
65,2.23606797749979,0
141,2.0,0
231,2.8284271247461903,0
766,2.0,0
764,2.23606797749979,0
481,22,20,5
60,3.1622776601683795,0
127,3.605551275463989,0
234,2.8284271247461903,0
512,3.0,0
785,3.0,0
482,18,-17,5
149,2.23606797749979,0
297,2.0,0
567,2.23606797749979,0
801,2.23606797749979,0
589,3.605551275463989,0
483,-28,20,8
2,2.23606797749979,0
226,2.23606797749979,0
651,2.23606797749979,0
128,3.1622776601683795,0
540,3.605551275463989,0
629,3.1622776601683795,0
754,4.242640687119285,0
771,3.1622776601683795,0
484,-15,-22,5
265,2.23606797749979,0
315,2.23606797749979,0
427,3.0,0
48,3.0,0
522,3.605551275463989,0
485,42,44,4
132,2.0,0
213,2.23606797749979,0
352,2.23606797749979,0
94,3.1622776601683795,0
486,-16,45,4
262,2.8284271247461903,0
364,2.0,0
523,2.0,0
596,3.0,0
487,-39,-33,4
224,2.23606797749979,0
468,2.23606797749979,0
655,2.0,0
773,2.0,0
488,-3,-45,5
162,2.23606797749979,0
249,2.23606797749979,0
340,3.1622776601683795,0
534,2.23606797749979,0
601,3.605551275463989,0
489,0,24,5
1,2.0,0
437,4.0,0
440,2.23606797749979,0
514,2.0,0
731,2.8284271247461903,0
490,11,11,4
64,2.0,0
189,2.0,0
387,4.0,0
421,4.0,0
491,34,-23,4
7,2.0,0
179,2.0,0
499,2.0,0
550,3.605551275463989,0
492,-11,-38,4
129,2.23606797749979,0
281,3.0,0
313,3.1622776601683795,0
649,4.242640687119285,0
493,18,2,4
230,2.23606797749979,0
305,2.23606797749979,0
518,2.23606797749979,0
78,2.8284271247461903,0
494,11,33,4
36,2.0,0
81,3.605551275463989,0
684,2.23606797749979,0
779,4.0,0
495,-32,5,5
97,2.0,0
197,2.23606797749979,0
412,2.23606797749979,0
609,2.23606797749979,0
661,3.1622776601683795,0
496,-38,-37,5
122,2.23606797749979,0
185,2.8284271247461903,0
335,2.23606797749979,0
468,2.0,0
544,2.0,0
497,-43,-30,5
111,2.23606797749979,0
275,2.0,0
365,2.23606797749979,0
762,2.0,0
516,2.23606797749979,0
498,-7,23,4
73,3.0,0
267,2.23606797749979,0
301,3.1622776601683795,0
509,3.0,0
499,34,-25,5
7,2.8284271247461903,0
422,3.605551275463989,0
446,2.8284271247461903,0
491,2.0,0
798,2.0,0
500,-45,-48,3
379,2.0,0
793,3.0,0
673,5.0,0
501,-7,-6,5
51,2.23606797749979,0
152,3.0,0
243,2.23606797749979,0
738,2.0,0
593,2.8284271247461903,0
502,-16,40,4
23,2.8284271247461903,0
186,2.0,0
596,2.0,0
723,2.0,0
503,-18,20,4
22,2.8284271247461903,0
326,2.23606797749979,0
332,2.0,0
697,2.0,0
504,11,-20,4
193,2.23606797749979,0
729,2.23606797749979,0
321,3.1622776601683795,0
702,4.0,0
505,-40,-23,4
49,2.0,0
93,2.0,0
280,2.23606797749979,0
404,3.605551275463989,0
506,38,39,4
67,3.1622776601683795,0
228,2.8284271247461903,0
378,2.8284271247461903,0
424,2.0,0
507,13,-7,6
12,3.1622776601683795,0
161,2.23606797749979,0
229,2.0,0
283,2.0,0
289,2.8284271247461903,0
341,3.0,0
508,14,43,5
76,2.23606797749979,0
222,3.0,0
357,3.0,0
479,3.1622776601683795,0
564,3.1622776601683795,0
509,-4,23,6
1,2.23606797749979,0
68,2.0,0
95,2.8284271247461903,0
267,2.8284271247461903,0
408,3.0,0
498,3.0,0
510,44,12,5
33,4.0,0
59,2.0,0
75,3.0,0
338,2.23606797749979,0
9,3.1622776601683795,0
511,45,36,5
254,2.0,0
704,2.8284271247461903,0
802,2.8284271247461903,0
545,3.0,0
611,3.0,0
512,22,23,5
127,2.0,0
234,2.23606797749979,0
481,3.0,0
60,3.605551275463989,0
785,4.242640687119285,0
513,42,-1,4
8,3.0,0
156,2.23606797749979,0
205,2.23606797749979,0
299,4.0,0
514,0,26,4
489,2.0,0
731,2.0,0
1,2.8284271247461903,0
380,2.8284271247461903,0
515,-26,12,4
263,2.23606797749979,0
392,3.0,0
397,3.0,0
445,3.0,0
516,-41,-29,5
111,2.0,0
114,2.8284271247461903,0
275,2.23606797749979,0
664,2.0,0
497,2.23606797749979,0
517,16,-10,4
130,2.23606797749979,0
151,2.23606797749979,0
341,3.0,0
123,2.8284271247461903,0
518,17,0,6
159,2.8284271247461903,0
230,3.1622776601683795,0
307,2.23606797749979,0
359,2.23606797749979,0
493,2.23606797749979,0
638,2.0,0
519,-7,-19,4
79,2.23606797749979,0
201,3.1622776601683795,0
373,2.23606797749979,0
647,3.0,0
520,-35,-20,4
15,2.0,0
404,2.23606797749979,0
618,2.23606797749979,0
577,3.0,0
521,-29,39,6
209,2.23606797749979,0
236,2.23606797749979,0
407,2.23606797749979,0
410,4.123105625617661,0
465,2.23606797749979,0
560,2.0,0
522,-18,-20,4
427,2.0,0
484,3.605551275463989,0
315,4.0,0
459,5.0,0
523,-18,45,5
262,2.0,0
364,2.8284271247461903,0
486,2.0,0
23,3.0,0
757,3.0,0
524,-34,46,6
42,2.8284271247461903,0
194,2.23606797749979,0
259,2.0,0
370,3.0,0
602,3.0,0
693,3.605551275463989,0
525,15,-26,6
167,2.0,0
248,4.123105625617661,0
256,2.23606797749979,0
551,2.0,0
571,3.0,0
531,3.605551275463989,0
526,-46,-33,6
54,3.605551275463989,0
365,2.23606797749979,0
395,3.0,0
576,3.1622776601683795,0
762,3.1622776601683795,0
586,3.605551275463989,0
527,-4,-12,4
74,2.0,0
386,2.8284271247461903,0
668,2.0,0
623,2.23606797749979,0
528,-46,48,5
115,2.0,0
198,2.0,0
789,2.23606797749979,0
787,2.8284271247461903,0
691,3.605551275463989,0
529,48,-23,4
24,2.0,0
251,2.0,0
476,2.23606797749979,0
794,2.8284271247461903,0
530,-39,-14,6
40,2.23606797749979,0
135,2.0,0
309,2.0,0
312,3.605551275463989,0
724,2.0,0
584,3.605551275463989,0
531,18,-28,4
104,2.23606797749979,0
571,2.0,0
551,3.0,0
525,3.605551275463989,0
532,0,37,4
27,3.1622776601683795,0
63,2.0,0
285,3.1622776601683795,0
5,3.605551275463989,0
533,-38,12,5
377,3.0,0
474,2.8284271247461903,0
643,2.0,0
791,2.0,0
202,2.8284271247461903,0
534,-1,-46,6
162,3.1622776601683795,0
239,3.1622776601683795,0
249,2.0,0
488,2.23606797749979,0
601,2.0,0
569,3.1622776601683795,0
535,-33,-23,5
15,3.0,0
121,2.23606797749979,0
276,2.23606797749979,0
419,2.23606797749979,0
577,2.0,0
536,27,48,4
323,2.23606797749979,0
420,2.23606797749979,0
475,2.0,0
716,3.605551275463989,0
537,40,35,6
11,3.0,0
70,3.1622776601683795,0
254,3.1622776601683795,0
424,2.8284271247461903,0
67,3.1622776601683795,0
760,3.605551275463989,0
538,44,-26,4
4,2.0,0
282,2.8284271247461903,0
444,2.0,0
657,3.0,0
539,20,-8,4
123,2.0,0
223,2.0,0
369,2.0,0
151,3.605551275463989,0
540,-31,18,4
128,2.23606797749979,0
640,2.0,0
629,3.0,0
483,3.605551275463989,0
541,21,9,5
144,2.0,0
334,2.23606797749979,0
554,2.23606797749979,0
295,3.1622776601683795,0
745,3.605551275463989,0
542,-4,-42,6
29,3.0,0
136,2.0,0
257,3.0,0
340,2.8284271247461903,0
469,2.8284271247461903,0
732,2.8284271247461903,0
543,48,23,4
0,2.0,0
77,2.23606797749979,0
188,2.0,0
160,3.605551275463989,0
544,-40,-37,6
139,2.0,0
335,2.23606797749979,0
354,3.1622776601683795,0
496,2.0,0
468,2.8284271247461903,0
750,4.0,0
545,45,33,6
336,2.23606797749979,0
394,2.0,0
448,3.605551275463989,0
511,3.0,0
802,2.23606797749979,0
619,3.1622776601683795,0
546,-9,8,4
102,2.23606797749979,0
153,2.23606797749979,0
598,2.23606797749979,0
739,2.23606797749979,0
547,-35,-47,4
211,2.0,0
633,2.23606797749979,0
19,3.1622776601683795,0
363,3.605551275463989,0
548,-25,23,4
466,3.0,0
771,2.0,0
651,2.23606797749979,0
737,3.605551275463989,0
549,41,40,4
3,3.0,0
67,2.0,0
132,2.23606797749979,0
242,2.8284271247461903,0
550,37,-21,5
7,2.23606797749979,0
179,3.0,0
491,3.605551275463989,0
761,3.1622776601683795,0
683,3.605551275463989,0
551,15,-28,4
525,2.0,0
531,3.0,0
167,2.8284271247461903,0
571,3.605551275463989,0
552,-1,46,5
96,2.0,0
212,2.0,0
747,2.23606797749979,0
565,2.8284271247461903,0
694,3.1622776601683795,0
553,-15,-28,4
272,3.1622776601683795,0
362,2.8284271247461903,0
746,3.1622776601683795,0
579,4.0,0
554,20,11,4
295,2.23606797749979,0
334,3.1622776601683795,0
541,2.23606797749979,0
799,3.605551275463989,0
555,20,-39,4
50,3.1622776601683795,0
217,2.23606797749979,0
636,2.23606797749979,0
772,4.0,0
556,-26,6,5
13,2.0,0
18,2.8284271247461903,0
82,2.23606797749979,0
258,3.0,0
264,2.23606797749979,0
557,-10,34,5
109,2.23606797749979,0
329,3.605551275463989,0
646,2.0,0
631,3.0,0
86,3.605551275463989,0
558,14,-39,5
25,2.0,0
217,4.123105625617661,0
409,2.0,0
770,2.23606797749979,0
781,2.8284271247461903,0
559,41,30,4
70,2.0,0
91,2.23606797749979,0
752,2.23606797749979,0
619,3.0,0
560,-31,39,4
236,2.23606797749979,0
465,2.23606797749979,0
521,2.0,0
407,3.605551275463989,0
561,-34,2,4
609,2.0,0
661,3.0,0
415,3.1622776601683795,0
287,3.605551275463989,0
562,47,43,4
94,2.8284271247461903,0
274,3.1622776601683795,0
291,2.23606797749979,0
473,2.0,0
563,1,-12,4
45,2.0,0
333,2.23606797749979,0
605,2.23606797749979,0
145,3.0,0
564,11,42,4
76,2.23606797749979,0
216,3.0,0
625,3.0,0
508,3.1622776601683795,0
565,-3,48,4
96,2.0,0
552,2.8284271247461903,0
747,3.0,0
212,4.47213595499958,0
566,-37,6,4
235,2.0,0
287,2.0,0
412,3.0,0
371,3.605551275463989,0
567,20,-16,4
297,2.23606797749979,0
482,2.23606797749979,0
801,2.0,0
776,3.0,0
568,-36,-1,3
37,2.23606797749979,0
415,2.23606797749979,0
800,2.0,0
569,2,-45,4
237,3.0,0
239,2.0,0
249,3.1622776601683795,0
534,3.1622776601683795,0
570,-42,30,5
260,2.23606797749979,0
436,4.123105625617661,0
710,2.23606797749979,0
777,3.0,0
6,3.605551275463989,0
571,18,-26,6
44,2.0,0
104,2.23606797749979,0
219,3.1622776601683795,0
525,3.0,0
531,2.0,0
551,3.605551275463989,0
572,-11,20,4
73,3.1622776601683795,0
140,3.1622776601683795,0
301,3.0,0
721,3.1622776601683795,0
573,5,-44,6
288,3.605551275463989,0
375,3.0,0
426,2.23606797749979,0
464,3.605551275463989,0
659,2.23606797749979,0
298,3.1622776601683795,0
574,38,26,4
20,2.0,0
39,2.0,0
294,2.23606797749979,0
435,3.1622776601683795,0
575,-48,30,4
232,2.0,0
268,3.1622776601683795,0
701,2.0,0
260,4.123105625617661,0
576,-43,-34,7
224,2.0,0
395,3.605551275463989,0
526,3.1622776601683795,0
762,2.0,0
139,3.1622776601683795,0
586,5.385164807134504,0
750,3.1622776601683795,0
577,-35,-23,5
15,3.605551275463989,0
404,2.8284271247461903,0
419,2.23606797749979,0
520,3.0,0
535,2.0,0
578,-8,-2,5
184,4.0,0
243,2.0,0
713,2.23606797749979,0
593,3.605551275463989,0
738,4.123105625617661,0
579,-11,-28,5
350,2.0,0
453,2.8284271247461903,0
553,4.0,0
703,2.0,0
362,2.8284271247461903,0
580,-16,5,6
31,3.605551275463989,0
320,2.23606797749979,0
695,2.23606797749979,0
735,2.23606797749979,0
786,3.0,0
709,3.605551275463989,0
581,15,-21,5
90,2.0,0
107,3.1622776601683795,0
149,2.8284271247461903,0
256,3.1622776601683795,0
729,2.0,0
582,17,-4,5
161,3.1622776601683795,0
369,3.605551275463989,0
471,2.0,0
638,2.0,0
341,3.1622776601683795,0
583,-45,-25,4
328,2.0,0
796,2.0,0
712,2.23606797749979,0
47,3.605551275463989,0
584,-36,-12,4
40,2.0,0
135,2.23606797749979,0
208,2.0,0
530,3.605551275463989,0
585,17,38,4
240,2.0,0
613,2.0,0
479,2.8284271247461903,0
714,4.123105625617661,0
586,-48,-36,4
395,2.0,0
526,3.605551275463989,0
750,4.123105625617661,0
576,5.385164807134504,0
587,-3,-17,4
210,2.23606797749979,0
277,2.0,0
647,2.23606797749979,0
14,2.8284271247461903,0
588,-21,34,4
53,2.23606797749979,0
300,3.1622776601683795,0
715,2.0,0
98,3.605551275463989,0
589,20,-20,4
107,2.8284271247461903,0
801,2.0,0
149,3.1622776601683795,0
482,3.605551275463989,0
590,34,-17,4
337,3.0,0
683,2.0,0
591,2.23606797749979,0
761,2.23606797749979,0
591,36,-16,5
337,2.8284271247461903,0
590,2.23606797749979,0
761,2.0,0
671,3.0,0
767,4.47213595499958,0
592,48,-43,4
284,2.0,0
442,2.0,0
118,2.23606797749979,0
317,3.1622776601683795,0
593,-5,-4,5
133,2.23606797749979,0
152,2.23606797749979,0
243,3.0,0
501,2.8284271247461903,0
578,3.605551275463989,0
594,36,-40,3
28,2.0,0
150,2.0,0
325,5.0,0
595,28,-39,4
195,2.0,0
795,2.0,0
607,2.23606797749979,0
620,2.8284271247461903,0
596,-16,42,4
23,2.0,0
486,3.0,0
502,2.0,0
723,2.8284271247461903,0
597,-30,-27,4
233,2.23606797749979,0
674,2.0,0
682,2.23606797749979,0
276,3.1622776601683795,0
598,-8,6,5
153,4.0,0
355,2.23606797749979,0
546,2.23606797749979,0
739,2.0,0
347,3.605551275463989,0
599,-25,37,6
138,2.0,0
308,2.0,0
407,3.0,0
707,2.0,0
53,2.8284271247461903,0
708,3.605551275463989,0
600,-42,18,4
147,3.1622776601683795,0
231,2.0,0
238,2.23606797749979,0
141,4.0,0
601,-1,-48,4
162,3.1622776601683795,0
239,3.1622776601683795,0
534,2.0,0
488,3.605551275463989,0
602,-34,43,4
42,2.23606797749979,0
194,2.8284271247461903,0
693,2.0,0
524,3.0,0
603,38,7,5
207,2.8284271247461903,0
400,3.0,0
450,2.23606797749979,0
734,2.23606797749979,0
376,3.0,0
604,-42,14,4
87,2.0,0
238,2.23606797749979,0
616,2.0,0
383,2.8284271247461903,0
605,-1,-13,5
14,2.0,0
145,2.8284271247461903,0
333,2.0,0
563,2.23606797749979,0
623,2.23606797749979,0
606,40,4,4
299,2.23606797749979,0
376,2.0,0
205,3.1622776601683795,0
470,3.1622776601683795,0
607,30,-40,3
28,4.0,0
595,2.23606797749979,0
195,4.123105625617661,0
608,37,2,6
8,3.605551275463989,0
119,2.23606797749979,0
241,2.23606797749979,0
372,3.605551275463989,0
376,2.23606797749979,0
699,3.0,0
609,-34,4,4
287,3.0,0
412,2.0,0
495,2.23606797749979,0
561,2.0,0
610,11,23,5
34,2.23606797749979,0
120,4.242640687119285,0
310,2.23606797749979,0
384,3.1622776601683795,0
719,4.123105625617661,0
611,48,36,4
394,3.1622776601683795,0
704,2.23606797749979,0
511,3.0,0
274,4.0,0
612,-36,-29,4
46,3.0,0
57,2.23606797749979,0
396,2.0,0
637,2.23606797749979,0
613,15,38,5
81,2.8284271247461903,0
240,2.8284271247461903,0
479,2.0,0
585,2.0,0
714,2.23606797749979,0
614,-14,8,6
83,3.605551275463989,0
319,3.0,0
413,2.23606797749979,0
628,2.23606797749979,0
196,3.1622776601683795,0
695,3.1622776601683795,0
615,-25,46,5
314,2.8284271247461903,0
455,2.0,0
681,2.0,0
797,2.0,0
650,2.8284271247461903,0
616,-42,12,4
383,2.0,0
604,2.0,0
736,2.0,0
791,2.0,0
617,34,20,4
183,2.23606797749979,0
390,2.0,0
644,2.23606797749979,0
344,3.605551275463989,0
618,-36,-18,4
181,2.23606797749979,0
425,3.0,0
520,2.23606797749979,0
404,3.1622776601683795,0
619,44,30,4
336,2.23606797749979,0
559,3.0,0
403,3.1622776601683795,0
545,3.1622776601683795,0
620,26,-37,5
88,2.0,0
195,2.0,0
595,2.8284271247461903,0
795,2.0,0
772,2.8284271247461903,0
621,-27,17,5
128,2.0,0
143,2.0,0
221,2.23606797749979,0
226,2.23606797749979,0
392,2.23606797749979,0
622,30,5,4
343,2.0,0
389,2.0,0
460,2.0,0
418,3.605551275463989,0
623,-3,-14,4
14,2.23606797749979,0
210,2.8284271247461903,0
527,2.23606797749979,0
605,2.23606797749979,0
624,-44,8,7
56,2.23606797749979,0
157,3.1622776601683795,0
176,3.1622776601683795,0
192,2.23606797749979,0
753,2.0,0
736,2.8284271247461903,0
645,3.1622776601683795,0
625,11,39,5
36,4.0,0
564,3.0,0
714,2.0,0
76,2.8284271247461903,0
81,3.605551275463989,0
626,-11,-43,4
313,2.23606797749979,0
632,2.23606797749979,0
642,2.23606797749979,0
692,3.0,0
627,40,-44,5
41,3.1622776601683795,0
190,2.0,0
402,3.1622776601683795,0
677,2.23606797749979,0
348,3.1622776601683795,0
628,-12,7,5
102,3.605551275463989,0
413,2.0,0
614,2.23606797749979,0
739,2.23606797749979,0
786,2.23606797749979,0
629,-31,21,4
2,2.23606797749979,0
540,3.0,0
754,2.0,0
483,3.1622776601683795,0
630,1,-37,3
662,2.23606797749979,0
742,2.23606797749979,0
434,3.1622776601683795,0
631,-10,37,5
86,2.0,0
109,2.8284271247461903,0
329,2.0,0
557,3.0,0
646,3.605551275463989,0
632,-12,-45,5
204,2.0,0
393,2.0,0
626,2.23606797749979,0
642,2.0,0
692,2.8284271247461903,0
633,-34,-45,4
19,2.23606797749979,0
547,2.23606797749979,0
690,3.0,0
211,3.605551275463989,0
634,47,0,4
52,2.23606797749979,0
155,2.23606797749979,0
156,3.0,0
200,4.123105625617661,0
635,1,-6,5
117,2.23606797749979,0
164,2.23606797749979,0
722,2.0,0
765,2.0,0
803,4.0,0
636,21,-37,4
88,3.0,0
555,2.23606797749979,0
772,3.605551275463989,0
50,4.123105625617661,0
637,-34,-30,3
353,2.0,0
612,2.23606797749979,0
57,3.1622776601683795,0
638,17,-2,5
307,2.23606797749979,0
359,2.23606797749979,0
471,2.8284271247461903,0
518,2.0,0
582,2.0,0
639,-38,-9,4
146,2.0,0
208,2.23606797749979,0
253,2.23606797749979,0
368,2.0,0
640,-31,16,4
128,2.23606797749979,0
540,2.0,0
804,2.23606797749979,0
221,3.1622776601683795,0
641,47,-14,5
218,2.0,0
374,3.0,0
676,2.23606797749979,0
792,2.23606797749979,0
751,2.8284271247461903,0
642,-10,-45,5
351,2.0,0
393,2.8284271247461903,0
457,3.1622776601683795,0
626,2.23606797749979,0
632,2.0,0
643,-38,10,5
202,2.0,0
235,2.23606797749979,0
377,3.605551275463989,0
474,2.0,0
533,2.0,0
644,36,21,4
178,2.0,0
344,2.0,0
390,2.23606797749979,0
617,2.23606797749979,0
645,-47,7,4
56,2.23606797749979,0
157,2.0,0
278,2.0,0
624,3.1622776601683795,0
646,-12,34,4
16,2.23606797749979,0
329,3.0,0
557,2.0,0
631,3.605551275463989,0
647,-4,-19,4
361,2.23606797749979,0
373,2.8284271247461903,0
519,3.0,0
587,2.23606797749979,0
648,-33,-37,4
346,5.0990195135927845,0
667,2.23606797749979,0
122,3.1622776601683795,0
698,3.1622776601683795,0
649,-14,-41,7
129,2.23606797749979,0
281,3.0,0
345,3.1622776601683795,0
492,4.242640687119285,0
692,2.0,0
717,3.605551275463989,0
775,3.605551275463989,0
650,-23,48,4
266,2.23606797749979,0
455,2.0,0
797,2.0,0
615,2.8284271247461903,0
651,-26,21,4
226,2.0,0
483,2.23606797749979,0
548,2.23606797749979,0
771,2.23606797749979,0
652,34,48,4
172,3.0,0
290,2.0,0
432,2.0,0
72,3.605551275463989,0
653,48,-28,4
24,3.0,0
282,2.0,0
4,2.8284271247461903,0
444,4.0,0
654,43,7,4
9,2.0,0
261,2.23606797749979,0
470,2.0,0
720,2.0,0
655,-39,-31,4
57,2.0,0
111,2.0,0
396,2.23606797749979,0
487,2.0,0
656,23,-26,5
219,2.23606797749979,0
292,2.23606797749979,0
431,2.0,0
439,4.123105625617661,0
104,3.1622776601683795,0
657,41,-26,4
331,2.0,0
763,2.0,0
718,2.8284271247461903,0
538,3.0,0
658,24,8,5
10,3.1622776601683795,0
144,3.1622776601683795,0
191,2.23606797749979,0
334,2.23606797749979,0
745,2.23606797749979,0
659,4,-42,4
237,2.0,0
298,2.23606797749979,0
434,2.8284271247461903,0
573,2.23606797749979,0
660,-47,25,4
35,2.0,0
268,2.0,0
417,2.23606797749979,0
6,3.605551275463989,0
661,-31,2,4
303,2.23606797749979,0
561,3.0,0
97,3.1622776601683795,0
495,3.1622776601683795,0
662,3,-38,4
180,3.0,0
434,2.23606797749979,0
630,2.23606797749979,0
742,3.1622776601683795,0
663,9,46,4
38,2.23606797749979,0
358,4.123105625617661,0
790,2.23606797749979,0
116,3.605551275463989,0
664,-41,-27,5
93,2.23606797749979,0
114,2.0,0
275,2.23606797749979,0
516,2.0,0
712,2.23606797749979,0
665,12,-2,4
12,2.0,0
316,2.0,0
359,3.1622776601683795,0
161,3.605551275463989,0
666,-20,5,4
110,2.0,0
405,2.23606797749979,0
406,2.23606797749979,0
735,2.23606797749979,0
667,-34,-39,4
122,2.23606797749979,0
648,2.23606797749979,0
778,2.23606797749979,0
690,3.0,0
668,-4,-10,4
74,2.8284271247461903,0
85,2.23606797749979,0
527,2.0,0
689,3.0,0
669,1,32,4
63,3.1622776601683795,0
458,2.0,0
733,2.0,0
252,2.8284271247461903,0
670,39,-14,4
55,2.23606797749979,0
103,2.0,0
671,3.1622776601683795,0
700,3.1622776601683795,0
671,36,-13,5
103,3.1622776601683795,0
337,2.23606797749979,0
591,3.0,0
670,3.1622776601683795,0
767,2.23606797749979,0
672,-14,23,4
22,2.23606797749979,0
140,2.0,0
721,2.0,0
332,3.605551275463989,0
673,-40,-48,6
99,2.0,0
379,3.0,0
500,5.0,0
211,3.1622776601683795,0
363,3.605551275463989,0
793,8.0,0
674,-28,-27,4
233,2.23606797749979,0
597,2.0,0
682,4.123105625617661,0
774,4.123105625617661,0
675,-29,9,5
30,3.605551275463989,0
197,2.8284271247461903,0
263,2.23606797749979,0
264,2.23606797749979,0
445,3.0,0
676,48,-16,4
218,4.123105625617661,0
296,2.23606797749979,0
641,2.23606797749979,0
792,2.0,0
677,42,-43,5
190,2.23606797749979,0
325,3.1622776601683795,0
348,2.23606797749979,0
423,2.23606797749979,0
627,2.23606797749979,0
678,-36,-42,4
19,2.0,0
113,2.23606797749979,0
690,2.0,0
778,2.0,0
679,29,9,6
71,2.23606797749979,0
191,3.0,0
220,2.8284271247461903,0
227,3.1622776601683795,0
343,2.23606797749979,0
686,2.8284271247461903,0
680,-4,33,4
5,2.23606797749979,0
367,2.23606797749979,0
458,3.1622776601683795,0
744,3.1622776601683795,0
681,-27,46,4
80,2.8284271247461903,0
314,2.0,0
463,2.23606797749979,0
615,2.0,0
682,-32,-28,4
597,2.23606797749979,0
674,4.123105625617661,0
419,3.605551275463989,0
276,4.123105625617661,0
683,34,-19,4
179,2.0,0
590,2.0,0
761,2.23606797749979,0
550,3.605551275463989,0
684,12,31,4
36,4.123105625617661,0
494,2.23606797749979,0
779,2.23606797749979,0
719,4.0,0
685,0,-22,5
62,4.0,0
244,2.23606797749979,0
361,2.8284271247461903,0
472,6.082762530298219,0
478,2.23606797749979,0
686,27,7,5
10,2.8284271247461903,0
191,2.23606797749979,0
220,4.0,0
460,2.23606797749979,0
679,2.8284271247461903,0
687,31,23,4
165,2.0,0
183,2.23606797749979,0
390,3.1622776601683795,0
756,3.1622776601683795,0
688,18,-13,4
151,2.0,0
297,2.0,0
382,2.23606797749979,0
776,2.0,0
689,-7,-10,4
51,2.23606797749979,0
74,2.23606797749979,0
199,3.605551275463989,0
668,3.0,0
690,-34,-42,5
633,3.0,0
667,3.0,0
678,2.0,0
19,2.8284271247461903,0
778,2.8284271247461903,0
691,-43,46,4
166,2.23606797749979,0
198,2.23606797749979,0
789,2.0,0
528,3.605551275463989,0
692,-14,-43,5
204,2.0,0
626,3.0,0
649,2.0,0
775,2.23606797749979,0
632,2.8284271247461903,0
693,-36,43,4
194,2.0,0
602,2.0,0
524,3.605551275463989,0
42,4.123105625617661,0
694,-2,43,5
27,4.242640687119285,0
96,3.1622776601683795,0
112,2.0,0
131,2.0,0
552,3.1622776601683795,0
695,-17,7,4
196,2.0,0
405,2.0,0
580,2.23606797749979,0
614,3.1622776601683795,0
696,14,48,4
116,2.0,0
222,2.0,0
304,2.23606797749979,0
790,4.0,0
697,-20,20,4
326,2.23606797749979,0
466,3.605551275463989,0
503,2.0,0
737,2.23606797749979,0
698,-30,-38,3
255,5.0,0
346,2.0,0
648,3.1622776601683795,0
699,34,2,4
119,2.8284271247461903,0
372,2.0,0
608,3.0,0
241,2.8284271247461903,0
700,42,-13,5
55,2.23606797749979,0
103,3.1622776601683795,0
374,2.23606797749979,0
670,3.1622776601683795,0
751,3.1622776601683795,0
701,-48,32,4
232,2.8284271247461903,0
430,2.23606797749979,0
575,2.0,0
381,3.1622776601683795,0
702,11,-16,5
193,2.23606797749979,0
398,2.23606797749979,0
504,4.0,0
768,2.0,0
711,3.605551275463989,0
703,-11,-26,5
174,2.23606797749979,0
350,2.8284271247461903,0
362,2.0,0
453,2.0,0
579,2.0,0
704,47,38,4
274,2.23606797749979,0
511,2.8284271247461903,0
611,2.23606797749979,0
3,3.605551275463989,0
705,11,-25,4
167,2.23606797749979,0
248,2.0,0
321,2.23606797749979,0
256,3.1622776601683795,0
706,-20,-37,4
61,2.23606797749979,0
255,5.0990195135927845,0
327,2.23606797749979,0
717,4.123105625617661,0
707,-25,35,4
53,2.0,0
599,2.0,0
708,2.23606797749979,0
138,2.8284271247461903,0
708,-27,34,4
410,3.1622776601683795,0
707,2.23606797749979,0
407,3.1622776601683795,0
599,3.605551275463989,0
709,-18,2,4
110,2.23606797749979,0
320,3.1622776601683795,0
735,2.0,0
580,3.605551275463989,0
710,-43,32,4
381,2.23606797749979,0
436,2.0,0
570,2.23606797749979,0
260,3.1622776601683795,0
711,14,-14,5
130,2.23606797749979,0
382,2.0,0
398,2.0,0
702,3.605551275463989,0
768,2.23606797749979,0
712,-43,-26,4
275,2.0,0
583,2.23606797749979,0
664,2.23606797749979,0
796,2.23606797749979,0
713,-9,0,4
184,2.23606797749979,0
578,2.23606797749979,0
355,4.0,0
243,4.123105625617661,0
714,13,39,6
76,2.0,0
81,3.0,0
479,2.23606797749979,0
585,4.123105625617661,0
613,2.23606797749979,0
625,2.0,0
715,-21,36,5
53,2.23606797749979,0
92,2.0,0
98,2.23606797749979,0
300,3.1622776601683795,0
588,2.0,0
716,29,45,5
72,2.23606797749979,0
323,2.0,0
420,3.1622776601683795,0
475,5.0,0
536,3.605551275463989,0
717,-16,-38,5
281,2.0,0
327,2.0,0
345,2.23606797749979,0
706,4.123105625617661,0
649,3.605551275463989,0
718,39,-28,5
331,2.0,0
422,3.0,0
477,2.8284271247461903,0
657,2.8284271247461903,0
763,2.0,0
719,12,27,4
310,2.0,0
610,4.123105625617661,0
684,4.0,0
779,2.23606797749979,0
720,43,5,4
261,2.23606797749979,0
299,2.23606797749979,0
470,2.8284271247461903,0
654,2.0,0
721,-14,21,5
22,2.23606797749979,0
140,2.8284271247461903,0
332,2.23606797749979,0
572,3.1622776601683795,0
672,2.0,0
722,1,-8,4
45,2.0,0
117,2.23606797749979,0
635,2.0,0
85,3.1622776601683795,0
723,-18,40,5
23,2.0,0
186,2.8284271247461903,0
271,2.23606797749979,0
502,2.0,0
596,2.8284271247461903,0
724,-41,-14,5
100,4.0,0
312,3.0,0
530,2.0,0
309,2.8284271247461903,0
40,3.605551275463989,0
725,-39,48,4
43,2.23606797749979,0
166,2.23606797749979,0
451,2.0,0
194,4.242640687119285,0
726,13,2,4
159,2.0,0
316,2.23606797749979,0
366,2.23606797749979,0
342,2.23606797749979,0
727,-22,10,3
69,2.23606797749979,0
225,2.0,0
306,2.23606797749979,0
728,34,5,4
241,2.23606797749979,0
389,2.0,0
418,2.23606797749979,0
734,2.23606797749979,0
729,13,-21,4
90,2.8284271247461903,0
321,2.23606797749979,0
504,2.23606797749979,0
581,2.0,0
730,-25,41,5
17,2.0,0
209,2.23606797749979,0
250,2.8284271247461903,0
308,2.0,0
429,2.23606797749979,0
731,-2,26,5
1,2.0,0
380,2.0,0
408,2.0,0
489,2.8284271247461903,0
514,2.0,0
732,-6,-40,4
29,2.23606797749979,0
136,2.0,0
542,2.8284271247461903,0
340,4.0,0
733,1,30,4
252,2.0,0
458,2.8284271247461903,0
669,2.0,0
380,3.605551275463989,0
734,36,6,5
241,2.0,0
376,2.8284271247461903,0
450,2.0,0
603,2.23606797749979,0
728,2.23606797749979,0
735,-18,4,4
110,2.23606797749979,0
580,2.23606797749979,0
666,2.23606797749979,0
709,2.0,0
736,-42,10,5
474,2.0,0
616,2.0,0
624,2.8284271247461903,0
753,2.0,0
383,2.8284271247461903,0
737,-22,21,4
466,2.0,0
548,3.605551275463989,0
697,2.23606797749979,0
326,3.1622776601683795,0
738,-9,-6,4
51,2.23606797749979,0
243,2.23606797749979,0
501,2.0,0
578,4.123105625617661,0
739,-10,6,5
347,2.23606797749979,0
355,2.23606797749979,0
546,2.23606797749979,0
598,2.0,0
628,2.23606797749979,0
740,-23,39,4
17,2.0,0
92,2.23606797749979,0
138,2.0,0
308,2.0,0
741,-41,-7,4
146,2.23606797749979,0
438,2.0,0
270,2.8284271247461903,0
368,3.0,0
742,0,-39,4
434,2.23606797749979,0
630,2.23606797749979,0
662,3.1622776601683795,0
257,3.1622776601683795,0
743,-18,11,4
83,2.0,0
196,2.23606797749979,0
225,2.23606797749979,0
319,4.0,0
744,-3,30,4
252,2.0,0
380,2.23606797749979,0
458,2.8284271247461903,0
680,3.1622776601683795,0
745,23,6,4
10,2.23606797749979,0
144,2.23606797749979,0
658,2.23606797749979,0
541,3.605551275463989,0
746,-16,-25,6
265,2.23606797749979,0
272,2.8284271247461903,0
427,3.605551275463989,0
459,2.0,0
553,3.1622776601683795,0
362,3.1622776601683795,0
747,0,48,5
96,3.605551275463989,0
212,2.23606797749979,0
454,3.1622776601683795,0
552,2.23606797749979,0
565,3.0,0
748,-41,2,4
215,2.23606797749979,0
371,2.23606797749979,0
415,4.123105625617661,0
800,4.242640687119285,0
749,46,-40,4
118,2.0,0
148,2.0,0
442,2.23606797749979,0
423,2.8284271247461903,0
750,-44,-37,5
139,2.0,0
395,2.23606797749979,0
586,4.123105625617661,0
576,3.1622776601683795,0
544,4.0,0
751,45,-12,4
218,2.0,0
374,2.23606797749979,0
641,2.8284271247461903,0
700,3.1622776601683795,0
752,39,29,5
91,2.0,0
269,3.605551275463989,0
294,2.23606797749979,0
435,2.0,0
559,2.23606797749979,0
753,-44,10,4
66,2.23606797749979,0
383,2.0,0
624,2.0,0
736,2.0,0
754,-31,23,4
2,2.23606797749979,0
629,2.0,0
771,4.0,0
483,4.242640687119285,0
755,28,20,4
60,3.1622776601683795,0
165,3.1622776601683795,0
414,2.23606797749979,0
756,2.0,0
756,30,20,4
165,3.1622776601683795,0
183,2.23606797749979,0
687,3.1622776601683795,0
755,2.0,0
757,-21,45,4
108,2.0,0
266,2.0,0
455,2.23606797749979,0
523,3.0,0
758,42,48,4
352,2.23606797749979,0
780,2.23606797749979,0
449,3.1622776601683795,0
213,3.605551275463989,0
759,8,-37,4
180,2.23606797749979,0
443,2.0,0
433,3.1622776601683795,0
781,4.0,0
760,37,33,4
11,2.0,0
269,2.23606797749979,0
91,2.8284271247461903,0
537,3.605551275463989,0
761,36,-18,4
550,3.1622776601683795,0
590,2.23606797749979,0
591,2.0,0
683,2.23606797749979,0
762,-43,-32,6
111,2.23606797749979,0
224,2.8284271247461903,0
365,2.23606797749979,0
497,2.0,0
526,3.1622776601683795,0
576,2.0,0
763,39,-26,4
331,2.8284271247461903,0
477,2.0,0
657,2.0,0
718,2.0,0
764,-48,17,4
65,2.0,0
141,2.23606797749979,0
324,3.0,0
480,2.23606797749979,0
765,1,-4,4
154,2.23606797749979,0
164,2.23606797749979,0
635,2.0,0
803,2.0,0
766,-46,14,4
65,2.23606797749979,0
87,2.0,0
286,2.8284271247461903,0
480,2.0,0
767,34,-12,4
337,2.0,0
671,2.23606797749979,0
591,4.47213595499958,0
103,5.0,0
768,13,-16,4
193,2.23606797749979,0
398,2.23606797749979,0
702,2.0,0
711,2.23606797749979,0
769,48,18,4
0,3.0,0
214,2.23606797749979,0
441,3.605551275463989,0
142,4.123105625617661,0
770,16,-40,4
50,2.23606797749979,0
217,2.0,0
558,2.23606797749979,0
25,3.605551275463989,0
771,-27,23,5
2,2.23606797749979,0
548,2.0,0
651,2.23606797749979,0
754,4.0,0
483,3.1622776601683795,0
772,24,-39,5
88,2.0,0
195,2.0,0
555,4.0,0
636,3.605551275463989,0
620,2.8284271247461903,0
773,-37,-33,5
57,2.0,0
185,2.23606797749979,0
353,3.1622776601683795,0
468,2.23606797749979,0
487,2.0,0
774,-29,-23,5
26,2.0,0
121,2.23606797749979,0
233,2.0,0
276,2.23606797749979,0
674,4.123105625617661,0
775,-16,-44,5
21,4.123105625617661,0
32,2.23606797749979,0
204,2.23606797749979,0
692,2.23606797749979,0
649,3.605551275463989,0
776,20,-13,5
151,2.8284271247461903,0
223,3.0,0
567,3.0,0
688,2.0,0
297,2.8284271247461903,0
777,-42,27,5
6,2.0,0
187,2.23606797749979,0
260,2.8284271247461903,0
447,4.0,0
570,3.0,0
778,-36,-40,5
113,2.23606797749979,0
122,2.0,0
667,2.23606797749979,0
678,2.0,0
690,2.8284271247461903,0
779,11,29,4
494,4.0,0
684,2.23606797749979,0
719,2.23606797749979,0
310,4.123105625617661,0
780,40,47,4
171,2.0,0
213,2.0,0
758,2.23606797749979,0
352,3.1622776601683795,0
781,12,-37,5
25,2.0,0
409,2.0,0
443,2.0,0
558,2.8284271247461903,0
759,4.0,0
782,-16,35,4
16,2.0,0
186,3.0,0
300,2.0,0
98,3.605551275463989,0
783,-30,43,4
42,2.23606797749979,0
463,2.23606797749979,0
465,2.0,0
250,3.0,0
784,47,10,4
33,2.23606797749979,0
59,2.23606797749979,0
106,2.0,0
338,2.0,0
785,19,20,4
234,2.23606797749979,0
356,2.23606797749979,0
481,3.0,0
512,4.242640687119285,0
786,-13,5,5
31,2.0,0
320,2.8284271247461903,0
347,2.23606797749979,0
580,3.0,0
628,2.23606797749979,0
787,-48,46,4
115,2.0,0
528,2.8284271247461903,0
789,3.0,0
198,4.47213595499958,0
788,-6,37,3
86,2.0,0
109,2.8284271247461903,0
367,2.23606797749979,0
789,-45,46,5
115,3.605551275463989,0
198,2.23606797749979,0
528,2.23606797749979,0
691,2.0,0
787,3.0,0
790,10,48,5
38,3.1622776601683795,0
116,2.0,0
663,2.23606797749979,0
696,4.0,0
216,3.1622776601683795,0
791,-40,12,3
474,2.0,0
533,2.0,0
616,2.0,0
792,46,-16,3
296,2.23606797749979,0
641,2.23606797749979,0
676,2.0,0
793,-48,-48,3
500,3.0,0
379,5.0,0
673,8.0,0
794,46,-21,4
251,2.0,0
296,3.1622776601683795,0
529,2.8284271247461903,0
476,3.0,0
795,28,-37,3
595,2.0,0
620,2.0,0
195,2.8284271247461903,0
796,-45,-27,6
47,3.0,0
247,2.23606797749979,0
328,2.8284271247461903,0
583,2.0,0
712,2.23606797749979,0
275,2.23606797749979,0
797,-25,48,4
314,2.0,0
615,2.0,0
650,2.0,0
455,2.8284271247461903,0
798,34,-27,4
422,2.23606797749979,0
446,2.0,0
499,2.0,0
477,3.1622776601683795,0
799,18,8,5
182,2.23606797749979,0
295,2.0,0
339,2.0,0
349,2.23606797749979,0
554,3.605551275463989,0
800,-38,-1,6
37,2.23606797749979,0
89,2.8284271247461903,0
215,2.23606797749979,0
415,2.23606797749979,0
568,2.0,0
748,4.242640687119285,0
801,20,-18,4
482,2.23606797749979,0
567,2.0,0
589,2.0,0
149,3.1622776601683795,0
802,43,34,4
70,2.8284271247461903,0
254,2.0,0
511,2.8284271247461903,0
545,2.23606797749979,0
803,1,-2,4
154,2.23606797749979,0
765,2.0,0
164,3.605551275463989,0
635,4.0,0
804,-30,14,4
30,2.23606797749979,0
221,2.23606797749979,0
445,2.23606797749979,0
640,2.23606797749979,0
